n,gain_après_inter(en%),gain_après_2opt(en%)
1,0.0,0.0
1,0.0,0.0
1,0.0,0.0
1,0.0,0.0
1,0.0,0.0
1,0.0,0.0
1,0.0,0.0
1,0.0,0.0
1,0.0,0.0
1,0.0,0.0
1,0.0,0.0
1,0.0,0.0
1,0.0,0.0
1,0.0,0.0
1,0.0,0.0
1,0.0,0.0
1,0.0,0.0
1,0.0,0.0
1,0.0,0.0
1,0.0,0.0
1,0.0,0.0
1,0.0,0.0
1,0.0,0.0
1,0.0,0.0
1,0.0,0.0
1,0.0,0.0
1,0.0,0.0
1,0.0,0.0
1,0.0,0.0
1,0.0,0.0
1,0.0,0.0
1,0.0,0.0
1,0.0,0.0
1,0.0,0.0
1,0.0,0.0
1,0.0,0.0
1,0.0,0.0
1,0.0,0.0
1,0.0,0.0
1,0.0,0.0
1,0.0,0.0
1,0.0,0.0
1,0.0,0.0
1,0.0,0.0
1,0.0,0.0
1,0.0,0.0
1,0.0,0.0
1,0.0,0.0
1,0.0,0.0
1,0.0,0.0
2,0.0,0.0
2,0.0,0.0
2,0.0,0.0
2,0.0,0.0
2,0.0,0.0
2,0.0,0.0
2,0.0,0.0
2,0.0,0.0
2,0.0,0.0
2,0.0,0.0
2,0.0,0.0
2,0.0,0.0
2,0.0,0.0
2,0.0,0.0
2,0.0,0.0
2,0.0,0.0
2,0.0,0.0
2,0.0,0.0
2,0.0,0.0
2,0.0,0.0
2,0.0,0.0
2,0.0,0.0
2,0.0,0.0
2,0.0,0.0
2,0.0,0.0
2,0.0,0.0
2,0.0,0.0
2,0.0,0.0
2,0.0,0.0
2,0.0,0.0
2,0.0,0.0
2,0.0,0.0
2,0.0,0.0
2,0.0,0.0
2,0.0,0.0
2,0.0,0.0
2,0.0,0.0
2,0.0,0.0
2,0.0,0.0
2,0.0,0.0
2,0.0,0.0
2,0.0,0.0
2,0.0,0.0
2,0.0,0.0
2,0.0,0.0
2,0.0,0.0
2,0.0,0.0
2,0.0,0.0
2,0.0,0.0
2,0.0,0.0
3,0.0,0.0
3,0.0,0.0
3,0.0,0.0
3,0.0,0.0
3,0.0,4.0
3,0.0,0.0
3,0.0,0.0
3,0.0,0.0
3,0.0,0.0
3,0.0,0.0
3,0.0,0.0
3,0.0,0.0
3,0.0,3.0
3,0.0,0.0
3,0.0,7.000000000000001
3,0.0,0.0
3,0.0,0.0
3,0.0,0.0
3,0.0,0.0
3,0.0,0.0
3,0.0,6.0
3,0.0,1.0
3,7.000000000000001,7.000000000000001
3,0.0,0.0
3,2.0,2.0
3,0.0,1.0
3,0.0,7.000000000000001
3,0.0,1.0
3,0.0,0.0
3,0.0,0.0
3,0.0,0.0
3,0.0,8.0
3,0.0,0.0
3,0.0,0.0
3,0.0,8.0
3,0.0,0.0
3,0.0,12.0
3,0.0,0.0
3,0.0,0.0
3,0.0,0.0
3,0.0,0.0
3,0.0,0.0
3,0.0,0.0
3,0.0,0.0
3,0.0,2.0
3,0.0,0.0
3,0.0,0.0
3,0.0,0.0
3,0.0,3.0
3,0.0,0.0
4,0.0,17.0
4,0.0,0.0
4,15.0,15.0
4,0.0,4.0
4,0.0,10.0
4,0.0,0.0
4,1.0,2.0
4,9.0,9.0
4,0.0,0.0
4,0.0,11.0
4,15.0,15.0
4,0.0,0.0
4,0.0,8.0
4,0.0,0.0
4,0.0,2.0
4,0.0,0.0
4,0.0,19.0
4,0.0,0.0
4,0.0,0.0
4,0.0,0.0
4,0.0,2.0
4,13.0,13.0
4,0.0,20.0
4,0.0,0.0
4,0.0,10.0
4,0.0,15.0
4,5.0,7.000000000000001
4,0.0,0.0
4,2.0,11.0
4,3.0,3.0
4,14.000000000000002,14.000000000000002
4,9.0,9.0
4,0.0,0.0
4,13.0,13.0
4,0.0,0.0
4,0.0,3.0
4,0.0,0.0
4,5.0,5.0
4,0.0,0.0
4,0.0,2.0
4,0.0,9.0
4,0.0,12.0
4,0.0,0.0
4,0.0,2.0
4,0.0,4.0
4,0.0,0.0
4,0.0,0.0
4,0.0,1.0
4,0.0,7.000000000000001
4,0.0,0.0
5,0.0,0.0
5,0.0,0.0
5,12.0,12.0
5,0.0,0.0
5,0.0,0.0
5,5.0,5.0
5,18.0,18.0
5,0.0,0.0
5,0.0,10.0
5,0.0,0.0
5,3.0,8.0
5,0.0,5.0
5,0.0,0.0
5,0.0,12.0
5,0.0,0.0
5,5.0,5.0
5,2.0,2.0
5,0.0,0.0
5,0.0,0.0
5,5.0,6.0
5,15.0,15.0
5,0.0,0.0
5,0.0,0.0
5,0.0,0.0
5,7.000000000000001,7.000000000000001
5,0.0,8.0
5,0.0,0.0
5,0.0,0.0
5,0.0,8.0
5,5.0,5.0
5,0.0,0.0
5,0.0,0.0
5,0.0,3.0
5,8.0,8.0
5,10.0,10.0
5,0.0,0.0
5,0.0,12.0
5,2.0,2.0
5,0.0,2.0
5,8.0,8.0
5,0.0,0.0
5,0.0,0.0
5,0.0,15.0
5,16.0,16.0
5,20.0,27.0
5,0.0,0.0
5,0.0,0.0
5,0.0,19.0
5,11.0,17.0
5,7.000000000000001,17.0
6,1.0,4.0
6,0.0,0.0
6,0.0,0.0
6,0.0,4.0
6,12.0,17.0
6,8.0,9.0
6,1.0,3.0
6,0.0,5.0
6,0.0,5.0
6,0.0,1.0
6,4.0,4.0
6,0.0,3.0
6,20.0,22.0
6,4.0,4.0
6,0.0,0.0
6,0.0,0.0
6,8.0,8.0
6,0.0,3.0
6,0.0,2.0
6,12.0,12.0
6,0.0,0.0
6,0.0,12.0
6,8.0,15.0
6,8.0,10.0
6,0.0,8.0
6,14.000000000000002,14.000000000000002
6,0.0,5.0
6,0.0,10.0
6,0.0,2.0
6,2.0,10.0
6,27.0,27.0
6,1.0,6.0
6,0.0,2.0
6,6.0,6.0
6,0.0,9.0
6,0.0,14.000000000000002
6,19.0,26.0
6,0.0,3.0
6,0.0,8.0
6,0.0,3.0
6,12.0,15.0
6,0.0,1.0
6,0.0,2.0
6,0.0,16.0
6,0.0,0.0
6,0.0,2.0
6,0.0,0.0
6,0.0,5.0
6,15.0,17.0
6,0.0,0.0
7,5.0,9.0
7,0.0,0.0
7,0.0,3.0
7,6.0,14.000000000000002
7,0.0,0.0
7,3.0,3.0
7,0.0,1.0
7,1.0,1.0
7,2.0,2.0
7,0.0,0.0
7,11.0,12.0
7,5.0,7.000000000000001
7,5.0,6.0
7,10.0,12.0
7,6.0,6.0
7,9.0,17.0
7,7.000000000000001,7.000000000000001
7,0.0,0.0
7,0.0,6.0
7,4.0,13.0
7,21.0,21.0
7,15.0,19.0
7,9.0,15.0
7,10.0,10.0
7,0.0,0.0
7,1.0,1.0
7,0.0,0.0
7,2.0,5.0
7,0.0,0.0
7,0.0,0.0
7,0.0,1.0
7,5.0,9.0
7,1.0,8.0
7,7.000000000000001,12.0
7,0.0,8.0
7,10.0,21.0
7,0.0,4.0
7,0.0,0.0
7,7.000000000000001,8.0
7,0.0,0.0
7,0.0,11.0
7,7.000000000000001,7.000000000000001
7,2.0,2.0
7,0.0,4.0
7,4.0,4.0
7,0.0,0.0
7,0.0,7.000000000000001
7,0.0,0.0
7,6.0,9.0
7,12.0,12.0
8,0.0,3.0
8,0.0,0.0
8,0.0,2.0
8,14.000000000000002,14.000000000000002
8,1.0,1.0
8,5.0,6.0
8,0.0,1.0
8,0.0,3.0
8,0.0,1.0
8,2.0,4.0
8,0.0,5.0
8,0.0,1.0
8,2.0,2.0
8,15.0,16.0
8,5.0,7.000000000000001
8,0.0,0.0
8,17.0,18.0
8,6.0,6.0
8,8.0,8.0
8,0.0,3.0
8,20.0,25.0
8,8.0,8.0
8,9.0,9.0
8,4.0,18.0
8,9.0,20.0
8,0.0,1.0
8,0.0,0.0
8,15.0,18.0
8,10.0,13.0
8,0.0,0.0
8,9.0,9.0
8,0.0,2.0
8,8.0,10.0
8,1.0,1.0
8,0.0,1.0
8,0.0,2.0
8,5.0,5.0
8,11.0,14.000000000000002
8,18.0,18.0
8,15.0,16.0
8,5.0,11.0
8,0.0,3.0
8,0.0,4.0
8,16.0,16.0
8,9.0,9.0
8,0.0,3.0
8,2.0,9.0
8,16.0,16.0
8,1.0,6.0
8,0.0,12.0
9,14.000000000000002,16.0
9,4.0,4.0
9,11.0,11.0
9,13.0,16.0
9,10.0,28.999999999999996
9,0.0,5.0
9,3.0,3.0
9,0.0,1.0
9,12.0,18.0
9,10.0,10.0
9,22.0,22.0
9,9.0,10.0
9,0.0,0.0
9,1.0,10.0
9,0.0,0.0
9,5.0,5.0
9,0.0,0.0
9,0.0,8.0
9,2.0,3.0
9,0.0,5.0
9,9.0,11.0
9,3.0,5.0
9,0.0,0.0
9,2.0,6.0
9,2.0,4.0
9,2.0,5.0
9,15.0,17.0
9,10.0,21.0
9,9.0,9.0
9,1.0,13.0
9,8.0,10.0
9,2.0,2.0
9,0.0,1.0
9,6.0,6.0
9,4.0,8.0
9,1.0,1.0
9,3.0,6.0
9,14.000000000000002,17.0
9,0.0,2.0
9,0.0,9.0
9,0.0,6.0
9,11.0,13.0
9,7.000000000000001,19.0
9,0.0,9.0
9,10.0,11.0
9,5.0,8.0
9,0.0,1.0
9,6.0,7.000000000000001
9,7.000000000000001,12.0
9,3.0,7.000000000000001
10,14.000000000000002,25.0
10,12.0,14.000000000000002
10,0.0,1.0
10,11.0,19.0
10,14.000000000000002,14.000000000000002
10,22.0,23.0
10,3.0,12.0
10,12.0,12.0
10,10.0,14.000000000000002
10,4.0,6.0
10,12.0,12.0
10,10.0,10.0
10,1.0,2.0
10,5.0,9.0
10,10.0,11.0
10,0.0,0.0
10,0.0,2.0
10,18.0,20.0
10,20.0,20.0
10,14.000000000000002,17.0
10,12.0,12.0
10,0.0,1.0
10,8.0,16.0
10,15.0,17.0
10,14.000000000000002,15.0
10,1.0,5.0
10,5.0,10.0
10,3.0,4.0
10,6.0,6.0
10,7.000000000000001,13.0
10,2.0,5.0
10,6.0,11.0
10,16.0,18.0
10,7.000000000000001,8.0
10,6.0,10.0
10,0.0,1.0
10,8.0,8.0
10,16.0,21.0
10,0.0,5.0
10,5.0,5.0
10,2.0,2.0
10,4.0,8.0
10,6.0,13.0
10,2.0,10.0
10,0.0,1.0
10,7.000000000000001,13.0
10,1.0,1.0
10,5.0,7.000000000000001
10,0.0,12.0
10,0.0,5.0
11,1.0,7.000000000000001
11,2.0,8.0
11,14.000000000000002,14.000000000000002
11,1.0,2.0
11,4.0,4.0
11,1.0,3.0
11,9.0,19.0
11,2.0,4.0
11,10.0,12.0
11,14.000000000000002,16.0
11,9.0,14.000000000000002
11,20.0,22.0
11,6.0,9.0
11,9.0,11.0
11,14.000000000000002,17.0
11,4.0,4.0
11,9.0,18.0
11,0.0,0.0
11,0.0,9.0
11,15.0,15.0
11,8.0,8.0
11,0.0,2.0
11,13.0,17.0
11,19.0,21.0
11,3.0,9.0
11,3.0,3.0
11,7.000000000000001,7.000000000000001
11,0.0,5.0
11,0.0,5.0
11,0.0,3.0
11,10.0,14.000000000000002
11,6.0,11.0
11,14.000000000000002,15.0
11,0.0,3.0
11,11.0,14.000000000000002
11,8.0,8.0
11,5.0,6.0
11,5.0,6.0
11,26.0,26.0
11,6.0,7.000000000000001
11,12.0,13.0
11,0.0,0.0
11,12.0,12.0
11,2.0,5.0
11,4.0,12.0
11,2.0,2.0
11,10.0,16.0
11,0.0,0.0
11,13.0,14.000000000000002
11,11.0,11.0
12,15.0,15.0
12,15.0,19.0
12,15.0,19.0
12,2.0,6.0
12,8.0,13.0
12,5.0,10.0
12,8.0,12.0
12,3.0,7.000000000000001
12,16.0,17.0
12,8.0,8.0
12,15.0,15.0
12,13.0,17.0
12,14.000000000000002,23.0
12,4.0,8.0
12,4.0,10.0
12,5.0,11.0
12,15.0,19.0
12,3.0,6.0
12,11.0,12.0
12,0.0,4.0
12,2.0,3.0
12,3.0,6.0
12,9.0,10.0
12,13.0,18.0
12,0.0,1.0
12,5.0,5.0
12,12.0,13.0
12,12.0,15.0
12,0.0,4.0
12,2.0,10.0
12,0.0,6.0
12,7.000000000000001,10.0
12,11.0,14.000000000000002
12,6.0,10.0
12,4.0,6.0
12,10.0,11.0
12,9.0,16.0
12,0.0,7.000000000000001
12,17.0,19.0
12,15.0,19.0
12,12.0,22.0
12,7.000000000000001,15.0
12,2.0,2.0
12,0.0,14.000000000000002
12,2.0,3.0
12,0.0,4.0
12,11.0,14.000000000000002
12,2.0,3.0
12,8.0,15.0
12,2.0,3.0
13,0.0,4.0
13,4.0,10.0
13,4.0,12.0
13,14.000000000000002,14.000000000000002
13,11.0,12.0
13,9.0,12.0
13,0.0,7.000000000000001
13,0.0,2.0
13,1.0,4.0
13,12.0,13.0
13,13.0,22.0
13,2.0,6.0
13,19.0,20.0
13,6.0,9.0
13,5.0,11.0
13,10.0,11.0
13,3.0,7.000000000000001
13,3.0,4.0
13,6.0,7.000000000000001
13,13.0,17.0
13,7.000000000000001,14.000000000000002
13,14.000000000000002,16.0
13,7.000000000000001,8.0
13,12.0,16.0
13,13.0,13.0
13,18.0,19.0
13,15.0,15.0
13,1.0,6.0
13,16.0,26.0
13,0.0,1.0
13,8.0,8.0
13,3.0,6.0
13,11.0,15.0
13,14.000000000000002,19.0
13,3.0,7.000000000000001
13,12.0,16.0
13,6.0,11.0
13,8.0,16.0
13,1.0,3.0
13,0.0,1.0
13,3.0,6.0
13,0.0,4.0
13,6.0,7.000000000000001
13,22.0,25.0
13,2.0,4.0
13,10.0,16.0
13,5.0,9.0
13,15.0,18.0
13,0.0,1.0
13,2.0,6.0
14,2.0,10.0
14,6.0,9.0
14,15.0,17.0
14,11.0,12.0
14,5.0,5.0
14,14.000000000000002,14.000000000000002
14,5.0,5.0
14,12.0,14.000000000000002
14,8.0,10.0
14,11.0,14.000000000000002
14,13.0,16.0
14,19.0,23.0
14,9.0,12.0
14,3.0,5.0
14,11.0,22.0
14,5.0,12.0
14,9.0,12.0
14,7.000000000000001,9.0
14,16.0,22.0
14,15.0,17.0
14,0.0,1.0
14,5.0,7.000000000000001
14,15.0,16.0
14,18.0,27.0
14,6.0,10.0
14,13.0,13.0
14,12.0,17.0
14,16.0,16.0
14,5.0,10.0
14,7.000000000000001,8.0
14,15.0,20.0
14,12.0,14.000000000000002
14,21.0,25.0
14,8.0,12.0
14,0.0,2.0
14,16.0,16.0
14,4.0,13.0
14,14.000000000000002,17.0
14,6.0,10.0
14,3.0,7.000000000000001
14,12.0,20.0
14,9.0,12.0
14,0.0,3.0
14,15.0,17.0
14,13.0,13.0
14,0.0,3.0
14,9.0,10.0
14,14.000000000000002,16.0
14,0.0,7.000000000000001
14,8.0,9.0
15,9.0,13.0
15,15.0,16.0
15,11.0,12.0
15,7.000000000000001,8.0
15,4.0,6.0
15,5.0,8.0
15,19.0,25.0
15,10.0,11.0
15,4.0,5.0
15,5.0,7.000000000000001
15,13.0,13.0
15,1.0,5.0
15,2.0,7.000000000000001
15,1.0,10.0
15,5.0,5.0
15,14.000000000000002,17.0
15,3.0,6.0
15,10.0,12.0
15,14.000000000000002,19.0
15,3.0,3.0
15,0.0,2.0
15,24.0,25.0
15,26.0,25.0
15,11.0,12.0
15,9.0,11.0
15,0.0,2.0
15,11.0,11.0
15,8.0,9.0
15,9.0,17.0
15,2.0,2.0
15,6.0,8.0
15,4.0,5.0
15,20.0,20.0
15,13.0,23.0
15,11.0,11.0
15,11.0,12.0
15,3.0,12.0
15,9.0,10.0
15,12.0,16.0
15,10.0,18.0
15,5.0,6.0
15,0.0,7.000000000000001
15,0.0,3.0
15,4.0,4.0
15,3.0,4.0
15,3.0,8.0
15,6.0,7.000000000000001
15,11.0,17.0
15,7.000000000000001,8.0
15,3.0,4.0
16,3.0,3.0
16,16.0,18.0
16,5.0,9.0
16,14.000000000000002,15.0
16,4.0,11.0
16,5.0,6.0
16,0.0,7.000000000000001
16,11.0,14.000000000000002
16,9.0,11.0
16,10.0,10.0
16,7.000000000000001,8.0
16,21.0,23.0
16,9.0,13.0
16,17.0,18.0
16,0.0,4.0
16,10.0,12.0
16,9.0,15.0
16,10.0,10.0
16,20.0,21.0
16,11.0,15.0
16,0.0,5.0
16,10.0,13.0
16,0.0,2.0
16,1.0,6.0
16,17.0,18.0
16,9.0,9.0
16,10.0,14.000000000000002
16,19.0,22.0
16,11.0,15.0
16,20.0,23.0
16,6.0,8.0
16,3.0,5.0
16,5.0,7.000000000000001
16,3.0,17.0
16,7.000000000000001,9.0
16,13.0,13.0
16,16.0,18.0
16,12.0,15.0
16,8.0,9.0
16,9.0,16.0
16,5.0,8.0
16,5.0,11.0
16,0.0,4.0
16,10.0,10.0
16,1.0,2.0
16,9.0,11.0
16,18.0,19.0
16,11.0,19.0
16,4.0,6.0
16,5.0,8.0
17,12.0,16.0
17,13.0,20.0
17,9.0,15.0
17,20.0,22.0
17,3.0,10.0
17,7.000000000000001,11.0
17,12.0,13.0
17,14.000000000000002,19.0
17,23.0,24.0
17,13.0,19.0
17,1.0,10.0
17,10.0,13.0
17,12.0,22.0
17,6.0,8.0
17,19.0,20.0
17,3.0,9.0
17,1.0,7.000000000000001
17,6.0,10.0
17,13.0,13.0
17,11.0,13.0
17,15.0,21.0
17,8.0,11.0
17,12.0,16.0
17,9.0,10.0
17,6.0,7.000000000000001
17,11.0,14.000000000000002
17,10.0,13.0
17,11.0,15.0
17,6.0,8.0
17,7.000000000000001,18.0
17,3.0,8.0
17,7.000000000000001,18.0
17,15.0,16.0
17,0.0,4.0
17,12.0,15.0
17,12.0,16.0
17,10.0,16.0
17,13.0,19.0
17,7.000000000000001,9.0
17,9.0,10.0
17,0.0,2.0
17,23.0,23.0
17,8.0,14.000000000000002
17,11.0,13.0
17,9.0,13.0
17,17.0,17.0
17,1.0,5.0
17,16.0,19.0
17,12.0,13.0
17,7.000000000000001,9.0
18,8.0,11.0
18,9.0,12.0
18,11.0,16.0
18,5.0,8.0
18,1.0,6.0
18,11.0,13.0
18,15.0,19.0
18,17.0,20.0
18,10.0,18.0
18,10.0,12.0
18,2.0,11.0
18,18.0,22.0
18,5.0,11.0
18,10.0,14.000000000000002
18,6.0,13.0
18,10.0,10.0
18,13.0,19.0
18,7.000000000000001,12.0
18,8.0,9.0
18,10.0,14.000000000000002
18,15.0,20.0
18,6.0,9.0
18,15.0,17.0
18,9.0,13.0
18,4.0,7.000000000000001
18,9.0,14.000000000000002
18,19.0,20.0
18,6.0,8.0
18,7.000000000000001,14.000000000000002
18,21.0,25.0
18,21.0,26.0
18,3.0,6.0
18,8.0,8.0
18,11.0,13.0
18,11.0,13.0
18,5.0,7.000000000000001
18,2.0,10.0
18,23.0,28.000000000000004
18,1.0,2.0
18,8.0,14.000000000000002
18,5.0,6.0
18,14.000000000000002,15.0
18,13.0,17.0
18,20.0,23.0
18,18.0,21.0
18,9.0,14.000000000000002
18,13.0,16.0
18,4.0,4.0
18,11.0,13.0
18,16.0,21.0
19,11.0,15.0
19,17.0,21.0
19,24.0,25.0
19,0.0,5.0
19,11.0,15.0
19,9.0,13.0
19,18.0,21.0
19,13.0,14.000000000000002
19,14.000000000000002,15.0
19,15.0,18.0
19,8.0,14.000000000000002
19,15.0,19.0
19,3.0,5.0
19,5.0,6.0
19,8.0,11.0
19,5.0,10.0
19,16.0,16.0
19,12.0,15.0
19,6.0,9.0
19,13.0,14.000000000000002
19,5.0,8.0
19,12.0,16.0
19,1.0,11.0
19,9.0,12.0
19,14.000000000000002,18.0
19,16.0,19.0
19,10.0,17.0
19,14.000000000000002,16.0
19,1.0,2.0
19,16.0,19.0
19,5.0,17.0
19,14.000000000000002,20.0
19,4.0,9.0
19,5.0,6.0
19,6.0,6.0
19,14.000000000000002,16.0
19,15.0,18.0
19,8.0,12.0
19,12.0,24.0
19,9.0,10.0
19,6.0,14.000000000000002
19,6.0,7.000000000000001
19,6.0,7.000000000000001
19,12.0,19.0
19,15.0,16.0
19,5.0,14.000000000000002
19,6.0,8.0
19,3.0,8.0
19,23.0,28.000000000000004
19,6.0,12.0
20,9.0,16.0
20,3.0,5.0
20,11.0,13.0
20,14.000000000000002,20.0
20,12.0,15.0
20,8.0,17.0
20,11.0,13.0
20,7.000000000000001,7.000000000000001
20,10.0,14.000000000000002
20,19.0,22.0
20,1.0,4.0
20,8.0,10.0
20,6.0,16.0
20,13.0,13.0
20,17.0,22.0
20,5.0,7.000000000000001
20,16.0,20.0
20,9.0,9.0
20,18.0,21.0
20,15.0,15.0
20,6.0,12.0
20,5.0,11.0
20,3.0,4.0
20,7.000000000000001,10.0
20,17.0,18.0
20,17.0,23.0
20,9.0,11.0
20,12.0,15.0
20,14.000000000000002,21.0
20,5.0,11.0
20,17.0,18.0
20,10.0,15.0
20,12.0,14.000000000000002
20,17.0,18.0
20,15.0,18.0
20,13.0,14.000000000000002
20,6.0,17.0
20,18.0,22.0
20,8.0,16.0
20,3.0,6.0
20,16.0,18.0
20,5.0,9.0
20,17.0,18.0
20,21.0,25.0
20,22.0,30.0
20,14.000000000000002,16.0
20,8.0,11.0
20,14.000000000000002,17.0
20,9.0,16.0
20,10.0,11.0
1,0.0,0.0
1,0.0,0.0
1,0.0,0.0
1,0.0,0.0
1,0.0,0.0
1,0.0,0.0
1,0.0,0.0
1,0.0,0.0
1,0.0,0.0
1,0.0,0.0
1,0.0,0.0
1,0.0,0.0
1,0.0,0.0
1,0.0,0.0
1,0.0,0.0
1,0.0,0.0
1,0.0,0.0
1,0.0,0.0
1,0.0,0.0
1,0.0,0.0
1,0.0,0.0
1,0.0,0.0
1,0.0,0.0
1,0.0,0.0
1,0.0,0.0
1,0.0,0.0
1,0.0,0.0
1,0.0,0.0
1,0.0,0.0
1,0.0,0.0
1,0.0,0.0
1,0.0,0.0
1,0.0,0.0
1,0.0,0.0
1,0.0,0.0
1,0.0,0.0
1,0.0,0.0
1,0.0,0.0
1,0.0,0.0
1,0.0,0.0
1,0.0,0.0
1,0.0,0.0
1,0.0,0.0
1,0.0,0.0
1,0.0,0.0
1,0.0,0.0
1,0.0,0.0
1,0.0,0.0
1,0.0,0.0
1,0.0,0.0
1,0.0,0.0
1,0.0,0.0
1,0.0,0.0
1,0.0,0.0
1,0.0,0.0
1,0.0,0.0
1,0.0,0.0
1,0.0,0.0
1,0.0,0.0
1,0.0,0.0
1,0.0,0.0
1,0.0,0.0
1,0.0,0.0
1,0.0,0.0
1,0.0,0.0
1,0.0,0.0
1,0.0,0.0
1,0.0,0.0
1,0.0,0.0
1,0.0,0.0
1,0.0,0.0
1,0.0,0.0
1,0.0,0.0
1,0.0,0.0
1,0.0,0.0
1,0.0,0.0
1,0.0,0.0
1,0.0,0.0
1,0.0,0.0
1,0.0,0.0
1,0.0,0.0
1,0.0,0.0
1,0.0,0.0
1,0.0,0.0
1,0.0,0.0
1,0.0,0.0
1,0.0,0.0
1,0.0,0.0
1,0.0,0.0
1,0.0,0.0
1,0.0,0.0
1,0.0,0.0
1,0.0,0.0
1,0.0,0.0
1,0.0,0.0
1,0.0,0.0
1,0.0,0.0
1,0.0,0.0
1,0.0,0.0
1,0.0,0.0
2,0.0,0.0
2,0.0,0.0
2,0.0,0.0
2,0.0,0.0
2,0.0,0.0
2,0.0,0.0
2,0.0,0.0
2,0.0,0.0
2,0.0,0.0
2,0.0,0.0
2,0.0,0.0
2,0.0,0.0
2,0.0,0.0
2,0.0,0.0
2,0.0,0.0
2,0.0,0.0
2,0.0,0.0
2,0.0,0.0
2,0.0,0.0
2,0.0,0.0
2,0.0,0.0
2,0.0,0.0
2,0.0,0.0
2,0.0,0.0
2,0.0,0.0
2,0.0,0.0
2,0.0,0.0
2,0.0,0.0
2,0.0,0.0
2,0.0,0.0
2,0.0,0.0
2,0.0,0.0
2,0.0,0.0
2,0.0,0.0
2,0.0,0.0
2,0.0,0.0
2,0.0,0.0
2,0.0,0.0
2,0.0,0.0
2,0.0,0.0
2,0.0,0.0
2,0.0,0.0
2,0.0,0.0
2,0.0,0.0
2,0.0,0.0
2,0.0,0.0
2,0.0,0.0
2,0.0,0.0
2,0.0,0.0
2,0.0,0.0
2,0.0,0.0
2,0.0,0.0
2,0.0,0.0
2,0.0,0.0
2,0.0,0.0
2,0.0,0.0
2,0.0,0.0
2,0.0,0.0
2,0.0,0.0
2,0.0,0.0
2,0.0,0.0
2,0.0,0.0
2,0.0,0.0
2,0.0,0.0
2,0.0,0.0
2,0.0,0.0
2,0.0,0.0
2,0.0,0.0
2,0.0,0.0
2,0.0,0.0
2,0.0,0.0
2,0.0,0.0
2,0.0,0.0
2,0.0,0.0
2,0.0,0.0
2,0.0,0.0
2,0.0,0.0
2,0.0,0.0
2,0.0,0.0
2,0.0,0.0
2,0.0,0.0
2,0.0,0.0
2,0.0,0.0
2,0.0,0.0
2,0.0,0.0
2,0.0,0.0
2,0.0,0.0
2,0.0,0.0
2,0.0,0.0
2,0.0,0.0
2,0.0,0.0
2,0.0,0.0
2,0.0,0.0
2,0.0,0.0
2,0.0,0.0
2,0.0,0.0
2,0.0,0.0
2,0.0,0.0
2,0.0,0.0
2,0.0,0.0
3,0.0,6.0
3,0.0,0.0
3,0.0,0.0
3,0.0,0.0
3,0.0,0.0
3,0.0,0.0
3,0.0,0.0
3,0.0,0.0
3,0.0,2.0
3,0.0,0.0
3,0.0,0.0
3,0.0,0.0
3,0.0,7.000000000000001
3,0.0,0.0
3,0.0,6.0
3,0.0,1.0
3,0.0,6.0
3,0.0,3.0
3,0.0,4.0
3,0.0,0.0
3,0.0,0.0
3,0.0,2.0
3,0.0,0.0
3,0.0,0.0
3,0.0,0.0
3,0.0,0.0
3,0.0,0.0
3,0.0,0.0
3,0.0,0.0
3,0.0,0.0
3,3.0,9.0
3,0.0,8.0
3,0.0,2.0
3,0.0,0.0
3,3.0,4.0
3,2.0,2.0
3,0.0,0.0
3,0.0,0.0
3,0.0,8.0
3,0.0,0.0
3,0.0,2.0
3,0.0,0.0
3,0.0,0.0
3,0.0,0.0
3,0.0,0.0
3,0.0,5.0
3,0.0,0.0
3,0.0,6.0
3,0.0,0.0
3,0.0,5.0
3,0.0,0.0
3,0.0,5.0
3,0.0,0.0
3,0.0,0.0
3,0.0,6.0
3,0.0,5.0
3,0.0,0.0
3,0.0,0.0
3,15.0,18.0
3,0.0,0.0
3,0.0,4.0
3,0.0,1.0
3,0.0,0.0
3,0.0,0.0
3,0.0,0.0
3,0.0,0.0
3,0.0,0.0
3,0.0,2.0
3,0.0,0.0
3,0.0,0.0
3,0.0,3.0
3,0.0,11.0
3,0.0,0.0
3,0.0,0.0
3,0.0,0.0
3,0.0,0.0
3,0.0,0.0
3,0.0,8.0
3,0.0,0.0
3,0.0,0.0
3,0.0,0.0
3,0.0,3.0
3,0.0,3.0
3,0.0,0.0
3,0.0,0.0
3,0.0,7.000000000000001
3,0.0,1.0
3,0.0,4.0
3,0.0,0.0
3,0.0,2.0
3,0.0,0.0
3,0.0,5.0
3,0.0,0.0
3,0.0,0.0
3,0.0,1.0
3,0.0,1.0
3,0.0,14.000000000000002
3,0.0,0.0
3,0.0,0.0
3,0.0,0.0
4,0.0,0.0
4,0.0,8.0
4,0.0,0.0
4,5.0,5.0
4,0.0,8.0
4,0.0,0.0
4,0.0,18.0
4,0.0,0.0
4,7.000000000000001,7.000000000000001
4,0.0,0.0
4,0.0,0.0
4,0.0,0.0
4,0.0,0.0
4,0.0,0.0
4,0.0,8.0
4,0.0,0.0
4,0.0,0.0
4,0.0,0.0
4,0.0,0.0
4,0.0,0.0
4,12.0,14.000000000000002
4,0.0,3.0
4,0.0,7.000000000000001
4,0.0,16.0
4,0.0,0.0
4,17.0,17.0
4,0.0,0.0
4,0.0,0.0
4,8.0,8.0
4,0.0,3.0
4,0.0,7.000000000000001
4,0.0,0.0
4,0.0,2.0
4,0.0,7.000000000000001
4,0.0,0.0
4,24.0,24.0
4,0.0,0.0
4,0.0,1.0
4,0.0,0.0
4,0.0,0.0
4,0.0,10.0
4,0.0,0.0
4,0.0,11.0
4,0.0,0.0
4,0.0,0.0
4,0.0,0.0
4,0.0,0.0
4,0.0,0.0
4,0.0,0.0
4,10.0,11.0
4,0.0,11.0
4,0.0,0.0
4,0.0,7.000000000000001
4,0.0,16.0
4,0.0,0.0
4,11.0,11.0
4,26.0,30.0
4,0.0,0.0
4,0.0,1.0
4,0.0,0.0
4,0.0,9.0
4,1.0,1.0
4,3.0,3.0
4,0.0,0.0
4,6.0,18.0
4,6.0,6.0
4,0.0,3.0
4,22.0,26.0
4,0.0,0.0
4,0.0,7.000000000000001
4,11.0,11.0
4,0.0,0.0
4,0.0,0.0
4,0.0,5.0
4,0.0,23.0
4,0.0,0.0
4,0.0,16.0
4,0.0,7.000000000000001
4,0.0,0.0
4,0.0,0.0
4,0.0,6.0
4,0.0,0.0
4,9.0,12.0
4,0.0,0.0
4,0.0,0.0
4,2.0,9.0
4,0.0,0.0
4,0.0,5.0
4,0.0,15.0
4,0.0,0.0
4,18.0,18.0
4,0.0,7.000000000000001
4,3.0,3.0
4,8.0,8.0
4,1.0,14.000000000000002
4,0.0,4.0
4,3.0,3.0
4,0.0,4.0
4,0.0,14.000000000000002
4,0.0,0.0
5,3.0,5.0
5,6.0,6.0
5,0.0,18.0
5,5.0,5.0
5,0.0,0.0
5,0.0,0.0
5,18.0,20.0
5,5.0,5.0
5,0.0,1.0
5,0.0,4.0
5,0.0,0.0
5,0.0,0.0
5,0.0,0.0
5,15.0,16.0
5,21.0,21.0
5,14.000000000000002,16.0
5,2.0,2.0
5,0.0,2.0
5,25.0,26.0
5,5.0,5.0
5,0.0,3.0
5,0.0,0.0
5,0.0,3.0
5,0.0,0.0
5,5.0,5.0
5,0.0,1.0
5,0.0,23.0
5,13.0,22.0
5,0.0,0.0
5,6.0,14.000000000000002
5,7.000000000000001,7.000000000000001
5,0.0,20.0
5,0.0,3.0
5,0.0,0.0
5,0.0,0.0
5,6.0,6.0
5,2.0,2.0
5,4.0,4.0
5,0.0,1.0
5,0.0,0.0
5,2.0,3.0
5,4.0,4.0
5,0.0,2.0
5,0.0,0.0
5,0.0,26.0
5,0.0,7.000000000000001
5,0.0,0.0
5,0.0,4.0
5,13.0,13.0
5,5.0,5.0
5,0.0,9.0
5,0.0,1.0
5,8.0,16.0
5,0.0,0.0
5,0.0,15.0
5,0.0,5.0
5,10.0,10.0
5,0.0,0.0
5,0.0,0.0
5,0.0,4.0
5,12.0,13.0
5,0.0,0.0
5,0.0,0.0
5,0.0,0.0
5,0.0,4.0
5,9.0,9.0
5,14.000000000000002,14.000000000000002
5,3.0,3.0
5,0.0,1.0
5,0.0,2.0
5,10.0,10.0
5,0.0,14.000000000000002
5,0.0,8.0
5,0.0,1.0
5,0.0,0.0
5,0.0,0.0
5,0.0,7.000000000000001
5,8.0,8.0
5,11.0,11.0
5,3.0,11.0
5,0.0,0.0
5,0.0,0.0
5,4.0,4.0
5,0.0,0.0
5,9.0,11.0
5,2.0,2.0
5,0.0,0.0
5,0.0,0.0
5,0.0,5.0
5,2.0,8.0
5,0.0,2.0
5,0.0,0.0
5,0.0,0.0
5,0.0,0.0
5,0.0,1.0
5,3.0,14.000000000000002
5,0.0,0.0
5,0.0,11.0
5,0.0,0.0
5,10.0,10.0
6,9.0,9.0
6,0.0,1.0
6,0.0,3.0
6,2.0,2.0
6,9.0,11.0
6,0.0,0.0
6,0.0,5.0
6,0.0,3.0
6,6.0,6.0
6,0.0,9.0
6,0.0,0.0
6,0.0,5.0
6,0.0,0.0
6,0.0,0.0
6,2.0,3.0
6,14.000000000000002,14.000000000000002
6,0.0,1.0
6,0.0,24.0
6,0.0,1.0
6,0.0,0.0
6,0.0,1.0
6,7.000000000000001,13.0
6,26.0,26.0
6,4.0,4.0
6,0.0,5.0
6,0.0,5.0
6,7.000000000000001,7.000000000000001
6,4.0,4.0
6,0.0,0.0
6,2.0,2.0
6,4.0,12.0
6,0.0,1.0
6,0.0,2.0
6,2.0,3.0
6,16.0,16.0
6,0.0,0.0
6,23.0,25.0
6,13.0,15.0
6,7.000000000000001,9.0
6,0.0,0.0
6,6.0,6.0
6,0.0,0.0
6,8.0,8.0
6,0.0,2.0
6,13.0,13.0
6,0.0,8.0
6,0.0,0.0
6,0.0,5.0
6,0.0,0.0
6,0.0,9.0
6,0.0,0.0
6,0.0,2.0
6,21.0,21.0
6,0.0,5.0
6,5.0,9.0
6,14.000000000000002,18.0
6,0.0,0.0
6,3.0,5.0
6,12.0,14.000000000000002
6,0.0,8.0
6,4.0,11.0
6,17.0,17.0
6,5.0,7.000000000000001
6,0.0,3.0
6,0.0,0.0
6,3.0,8.0
6,5.0,10.0
6,0.0,0.0
6,6.0,10.0
6,0.0,0.0
6,4.0,11.0
6,0.0,0.0
6,0.0,3.0
6,8.0,8.0
6,2.0,2.0
6,2.0,3.0
6,15.0,20.0
6,0.0,0.0
6,7.000000000000001,13.0
6,0.0,2.0
6,0.0,0.0
6,0.0,3.0
6,0.0,4.0
6,19.0,19.0
6,5.0,5.0
6,16.0,19.0
6,7.000000000000001,7.000000000000001
6,0.0,0.0
6,0.0,1.0
6,15.0,24.0
6,0.0,0.0
6,0.0,0.0
6,23.0,33.0
6,1.0,3.0
6,0.0,0.0
6,24.0,26.0
6,0.0,0.0
6,2.0,2.0
6,0.0,4.0
6,4.0,4.0
7,11.0,12.0
7,0.0,0.0
7,0.0,6.0
7,1.0,1.0
7,5.0,5.0
7,8.0,11.0
7,0.0,0.0
7,0.0,5.0
7,0.0,10.0
7,4.0,4.0
7,1.0,2.0
7,6.0,9.0
7,8.0,15.0
7,15.0,17.0
7,3.0,5.0
7,2.0,2.0
7,12.0,12.0
7,5.0,8.0
7,0.0,3.0
7,3.0,3.0
7,10.0,10.0
7,0.0,6.0
7,7.000000000000001,7.000000000000001
7,0.0,1.0
7,6.0,14.000000000000002
7,16.0,16.0
7,0.0,3.0
7,0.0,0.0
7,0.0,0.0
7,12.0,14.000000000000002
7,13.0,13.0
7,7.000000000000001,7.000000000000001
7,3.0,8.0
7,0.0,4.0
7,19.0,22.0
7,2.0,11.0
7,0.0,9.0
7,16.0,19.0
7,3.0,4.0
7,3.0,8.0
7,9.0,12.0
7,8.0,12.0
7,3.0,3.0
7,8.0,11.0
7,0.0,0.0
7,12.0,12.0
7,8.0,16.0
7,0.0,1.0
7,11.0,11.0
7,0.0,0.0
7,5.0,16.0
7,5.0,8.0
7,12.0,12.0
7,0.0,0.0
7,0.0,0.0
7,3.0,3.0
7,0.0,0.0
7,0.0,0.0
7,0.0,14.000000000000002
7,0.0,0.0
7,1.0,4.0
7,1.0,4.0
7,0.0,5.0
7,0.0,10.0
7,8.0,8.0
7,17.0,19.0
7,0.0,0.0
7,3.0,4.0
7,0.0,0.0
7,4.0,6.0
7,1.0,1.0
7,1.0,12.0
7,16.0,16.0
7,8.0,11.0
7,13.0,17.0
7,0.0,7.000000000000001
7,0.0,11.0
7,0.0,10.0
7,10.0,16.0
7,0.0,10.0
7,15.0,15.0
7,18.0,18.0
7,0.0,0.0
7,10.0,10.0
7,0.0,6.0
7,0.0,0.0
7,0.0,7.000000000000001
7,0.0,0.0
7,16.0,22.0
7,0.0,0.0
7,0.0,3.0
7,1.0,1.0
7,6.0,6.0
7,0.0,0.0
7,12.0,12.0
7,0.0,15.0
7,15.0,15.0
7,0.0,0.0
7,0.0,7.000000000000001
7,17.0,19.0
8,12.0,13.0
8,1.0,7.000000000000001
8,11.0,11.0
8,10.0,11.0
8,9.0,9.0
8,1.0,5.0
8,13.0,13.0
8,11.0,11.0
8,0.0,2.0
8,8.0,8.0
8,8.0,11.0
8,0.0,3.0
8,0.0,0.0
8,6.0,6.0
8,0.0,1.0
8,0.0,6.0
8,3.0,11.0
8,6.0,6.0
8,6.0,7.000000000000001
8,11.0,16.0
8,0.0,0.0
8,3.0,18.0
8,6.0,10.0
8,6.0,9.0
8,0.0,1.0
8,11.0,14.000000000000002
8,16.0,19.0
8,12.0,12.0
8,11.0,13.0
8,6.0,12.0
8,6.0,9.0
8,5.0,7.000000000000001
8,0.0,6.0
8,0.0,0.0
8,5.0,7.000000000000001
8,4.0,4.0
8,13.0,17.0
8,5.0,6.0
8,12.0,13.0
8,5.0,12.0
8,0.0,0.0
8,0.0,9.0
8,0.0,0.0
8,6.0,11.0
8,3.0,3.0
8,7.000000000000001,12.0
8,0.0,0.0
8,1.0,1.0
8,6.0,6.0
8,0.0,5.0
8,0.0,4.0
8,5.0,5.0
8,7.000000000000001,11.0
8,15.0,20.0
8,0.0,0.0
8,0.0,7.000000000000001
8,17.0,17.0
8,8.0,22.0
8,0.0,5.0
8,0.0,1.0
8,0.0,2.0
8,3.0,6.0
8,7.000000000000001,9.0
8,13.0,14.000000000000002
8,5.0,8.0
8,8.0,10.0
8,10.0,10.0
8,5.0,5.0
8,12.0,16.0
8,6.0,10.0
8,1.0,1.0
8,5.0,11.0
8,15.0,17.0
8,20.0,20.0
8,7.000000000000001,8.0
8,12.0,15.0
8,0.0,1.0
8,20.0,28.000000000000004
8,10.0,14.000000000000002
8,6.0,11.0
8,7.000000000000001,23.0
8,0.0,0.0
8,8.0,14.000000000000002
8,11.0,16.0
8,14.000000000000002,14.000000000000002
8,8.0,9.0
8,0.0,6.0
8,0.0,4.0
8,13.0,14.000000000000002
8,22.0,24.0
8,0.0,2.0
8,10.0,11.0
8,11.0,11.0
8,1.0,1.0
8,0.0,10.0
8,1.0,2.0
8,1.0,4.0
8,4.0,12.0
8,0.0,0.0
8,3.0,4.0
9,20.0,24.0
9,8.0,8.0
9,27.0,27.0
9,13.0,14.000000000000002
9,1.0,1.0
9,6.0,6.0
9,1.0,1.0
9,1.0,4.0
9,9.0,10.0
9,15.0,15.0
9,0.0,4.0
9,0.0,6.0
9,9.0,9.0
9,17.0,17.0
9,2.0,8.0
9,5.0,7.000000000000001
9,9.0,9.0
9,7.000000000000001,16.0
9,3.0,10.0
9,0.0,6.0
9,2.0,4.0
9,10.0,10.0
9,0.0,5.0
9,1.0,3.0
9,22.0,26.0
9,0.0,0.0
9,0.0,0.0
9,4.0,4.0
9,11.0,15.0
9,0.0,2.0
9,12.0,20.0
9,7.000000000000001,10.0
9,5.0,10.0
9,4.0,9.0
9,8.0,14.000000000000002
9,10.0,10.0
9,0.0,2.0
9,6.0,12.0
9,3.0,5.0
9,11.0,11.0
9,0.0,7.000000000000001
9,7.000000000000001,12.0
9,4.0,4.0
9,7.000000000000001,10.0
9,4.0,11.0
9,0.0,0.0
9,10.0,11.0
9,24.0,27.0
9,6.0,6.0
9,2.0,12.0
9,1.0,2.0
9,2.0,7.000000000000001
9,16.0,17.0
9,8.0,8.0
9,1.0,7.000000000000001
9,7.000000000000001,9.0
9,7.000000000000001,7.000000000000001
9,17.0,17.0
9,0.0,5.0
9,0.0,5.0
9,4.0,10.0
9,0.0,0.0
9,0.0,0.0
9,2.0,2.0
9,20.0,20.0
9,10.0,10.0
9,2.0,2.0
9,0.0,6.0
9,0.0,2.0
9,8.0,8.0
9,3.0,6.0
9,3.0,3.0
9,11.0,16.0
9,1.0,3.0
9,1.0,1.0
9,6.0,8.0
9,14.000000000000002,18.0
9,5.0,7.000000000000001
9,11.0,11.0
9,8.0,16.0
9,10.0,14.000000000000002
9,0.0,3.0
9,2.0,9.0
9,0.0,2.0
9,6.0,12.0
9,0.0,3.0
9,9.0,15.0
9,20.0,22.0
9,4.0,9.0
9,7.000000000000001,16.0
9,20.0,22.0
9,2.0,2.0
9,7.000000000000001,8.0
9,0.0,13.0
9,0.0,0.0
9,0.0,0.0
9,0.0,17.0
9,0.0,1.0
9,15.0,17.0
9,7.000000000000001,7.000000000000001
10,0.0,1.0
10,0.0,1.0
10,6.0,9.0
10,16.0,16.0
10,14.000000000000002,19.0
10,6.0,6.0
10,21.0,21.0
10,5.0,5.0
10,8.0,10.0
10,14.000000000000002,23.0
10,2.0,2.0
10,8.0,8.0
10,4.0,4.0
10,5.0,5.0
10,10.0,14.000000000000002
10,6.0,7.000000000000001
10,12.0,13.0
10,14.000000000000002,15.0
10,0.0,1.0
10,2.0,6.0
10,4.0,11.0
10,1.0,9.0
10,7.000000000000001,8.0
10,6.0,6.0
10,4.0,8.0
10,7.000000000000001,8.0
10,0.0,7.000000000000001
10,3.0,5.0
10,16.0,17.0
10,8.0,19.0
10,1.0,2.0
10,8.0,11.0
10,0.0,9.0
10,0.0,2.0
10,0.0,2.0
10,17.0,20.0
10,11.0,12.0
10,3.0,3.0
10,23.0,30.0
10,14.000000000000002,16.0
10,2.0,3.0
10,0.0,7.000000000000001
10,13.0,13.0
10,0.0,5.0
10,7.000000000000001,7.000000000000001
10,4.0,11.0
10,0.0,3.0
10,0.0,5.0
10,9.0,12.0
10,6.0,14.000000000000002
10,4.0,7.000000000000001
10,0.0,8.0
10,10.0,12.0
10,15.0,19.0
10,8.0,10.0
10,12.0,18.0
10,5.0,9.0
10,12.0,12.0
10,13.0,16.0
10,20.0,23.0
10,7.000000000000001,9.0
10,7.000000000000001,12.0
10,0.0,11.0
10,12.0,16.0
10,14.000000000000002,15.0
10,6.0,13.0
10,5.0,9.0
10,1.0,4.0
10,0.0,0.0
10,7.000000000000001,9.0
10,12.0,17.0
10,2.0,7.000000000000001
10,20.0,27.0
10,0.0,5.0
10,0.0,0.0
10,5.0,8.0
10,17.0,18.0
10,0.0,1.0
10,7.000000000000001,8.0
10,4.0,6.0
10,7.000000000000001,11.0
10,21.0,21.0
10,15.0,18.0
10,11.0,13.0
10,16.0,17.0
10,0.0,10.0
10,2.0,2.0
10,3.0,3.0
10,10.0,14.000000000000002
10,0.0,0.0
10,9.0,9.0
10,1.0,4.0
10,0.0,0.0
10,5.0,5.0
10,4.0,12.0
10,0.0,0.0
10,8.0,12.0
10,11.0,14.000000000000002
10,1.0,1.0
10,0.0,0.0
21,25.0,28.000000000000004
21,17.0,17.0
21,15.0,24.0
21,18.0,22.0
21,17.0,20.0
21,10.0,15.0
21,8.0,15.0
21,12.0,12.0
21,16.0,19.0
21,11.0,17.0
22,12.0,13.0
22,6.0,12.0
22,16.0,19.0
22,10.0,11.0
22,13.0,15.0
22,19.0,24.0
22,10.0,16.0
22,14.000000000000002,17.0
22,12.0,12.0
22,8.0,9.0
23,10.0,14.000000000000002
23,27.0,30.0
23,8.0,11.0
23,8.0,9.0
23,8.0,11.0
23,7.000000000000001,13.0
23,10.0,11.0
23,10.0,14.000000000000002
23,12.0,19.0
23,1.0,7.000000000000001
24,16.0,20.0
24,15.0,21.0
24,14.000000000000002,17.0
24,12.0,20.0
24,8.0,12.0
24,4.0,5.0
24,4.0,10.0
24,8.0,16.0
24,10.0,11.0
24,14.000000000000002,17.0
25,8.0,10.0
25,8.0,16.0
25,16.0,16.0
25,13.0,15.0
25,11.0,14.000000000000002
25,7.000000000000001,9.0
25,22.0,25.0
25,17.0,22.0
25,10.0,16.0
25,13.0,19.0
26,5.0,5.0
26,10.0,15.0
26,13.0,16.0
26,8.0,8.0
26,8.0,17.0
26,13.0,16.0
26,7.000000000000001,8.0
26,10.0,11.0
26,22.0,27.0
26,4.0,9.0
27,8.0,15.0
27,23.0,28.000000000000004
27,13.0,18.0
27,10.0,12.0
27,14.000000000000002,19.0
27,22.0,28.000000000000004
27,7.000000000000001,10.0
27,19.0,23.0
27,6.0,11.0
27,15.0,19.0
28,8.0,12.0
28,11.0,14.000000000000002
28,20.0,22.0
28,18.0,20.0
28,19.0,21.0
28,14.000000000000002,24.0
28,11.0,14.000000000000002
28,18.0,21.0
28,9.0,16.0
28,22.0,25.0
29,6.0,7.000000000000001
29,17.0,20.0
29,8.0,11.0
29,4.0,7.000000000000001
29,8.0,15.0
29,24.0,26.0
29,10.0,15.0
29,12.0,15.0
29,16.0,18.0
29,7.000000000000001,9.0
30,4.0,8.0
30,13.0,18.0
30,10.0,15.0
30,12.0,17.0
30,16.0,22.0
30,19.0,22.0
30,26.0,28.000000000000004
30,17.0,18.0
30,11.0,13.0
30,13.0,20.0
31,12.0,14.000000000000002
31,12.0,16.0
31,4.0,4.0
31,12.0,16.0
31,13.0,15.0
31,20.0,25.0
31,13.0,18.0
31,14.000000000000002,21.0
31,18.0,22.0
31,17.0,20.0
32,15.0,19.0
32,20.0,24.0
32,16.0,19.0
32,9.0,13.0
32,5.0,8.0
32,15.0,18.0
32,15.0,15.0
32,9.0,10.0
32,11.0,12.0
32,12.0,15.0
33,16.0,23.0
33,15.0,19.0
33,16.0,19.0
33,14.000000000000002,16.0
33,15.0,17.0
33,13.0,23.0
33,5.0,9.0
33,6.0,10.0
33,21.0,26.0
33,17.0,19.0
34,23.0,26.0
34,18.0,24.0
34,14.000000000000002,15.0
34,12.0,15.0
34,19.0,20.0
34,9.0,12.0
34,16.0,20.0
34,11.0,14.000000000000002
34,12.0,17.0
34,20.0,28.999999999999996
35,19.0,21.0
35,10.0,14.000000000000002
35,13.0,18.0
35,9.0,11.0
35,15.0,18.0
35,13.0,16.0
35,6.0,14.000000000000002
35,6.0,13.0
35,5.0,6.0
35,8.0,9.0
36,10.0,14.000000000000002
36,5.0,8.0
36,6.0,12.0
36,9.0,13.0
36,6.0,9.0
36,16.0,22.0
36,14.000000000000002,27.0
36,21.0,28.000000000000004
36,16.0,18.0
36,13.0,18.0
37,3.0,6.0
37,15.0,17.0
37,19.0,21.0
37,13.0,18.0
37,10.0,12.0
37,7.000000000000001,13.0
37,17.0,23.0
37,8.0,13.0
37,7.000000000000001,9.0
37,12.0,13.0
38,22.0,22.0
38,3.0,5.0
38,13.0,16.0
38,9.0,14.000000000000002
38,18.0,20.0
38,11.0,18.0
38,11.0,14.000000000000002
38,18.0,27.0
38,23.0,26.0
38,10.0,18.0
39,14.000000000000002,16.0
39,14.000000000000002,18.0
39,10.0,12.0
39,16.0,18.0
39,6.0,10.0
39,18.0,24.0
39,8.0,10.0
39,4.0,9.0
39,9.0,9.0
39,13.0,15.0
40,20.0,25.0
40,16.0,17.0
40,15.0,18.0
40,14.000000000000002,15.0
40,15.0,19.0
40,14.000000000000002,18.0
40,20.0,22.0
40,11.0,14.000000000000002
40,14.000000000000002,21.0
40,21.0,27.0
41,10.0,13.0
41,8.0,13.0
41,10.0,17.0
41,13.0,18.0
41,11.0,15.0
41,10.0,13.0
41,18.0,26.0
41,18.0,23.0
41,20.0,24.0
41,22.0,26.0
42,7.000000000000001,13.0
42,17.0,21.0
42,14.000000000000002,20.0
42,12.0,16.0
42,12.0,14.000000000000002
42,7.000000000000001,10.0
42,14.000000000000002,17.0
42,17.0,21.0
42,13.0,18.0
42,10.0,15.0
43,11.0,13.0
43,21.0,25.0
43,9.0,11.0
43,12.0,13.0
43,16.0,17.0
43,19.0,27.0
43,20.0,24.0
43,11.0,16.0
43,22.0,23.0
43,6.0,7.000000000000001
44,16.0,18.0
44,9.0,13.0
44,14.000000000000002,17.0
44,12.0,16.0
44,17.0,24.0
44,17.0,20.0
44,11.0,17.0
44,4.0,7.000000000000001
44,20.0,21.0
44,17.0,24.0
45,21.0,25.0
45,25.0,31.0
45,11.0,19.0
45,16.0,19.0
45,28.000000000000004,33.0
45,25.0,30.0
45,18.0,21.0
45,16.0,19.0
45,13.0,18.0
45,20.0,24.0
46,11.0,19.0
46,21.0,23.0
46,12.0,17.0
46,8.0,15.0
46,22.0,25.0
46,13.0,21.0
46,20.0,23.0
46,20.0,24.0
46,15.0,17.0
46,20.0,25.0
47,13.0,15.0
47,16.0,19.0
47,22.0,25.0
47,17.0,20.0
47,14.000000000000002,15.0
47,10.0,17.0
47,10.0,11.0
47,21.0,25.0
47,10.0,15.0
47,18.0,20.0
48,6.0,9.0
48,12.0,15.0
48,26.0,28.000000000000004
48,24.0,26.0
48,20.0,24.0
48,13.0,18.0
48,11.0,13.0
48,14.000000000000002,18.0
48,20.0,22.0
48,10.0,15.0
49,4.0,9.0
49,12.0,14.000000000000002
49,12.0,16.0
49,17.0,26.0
49,14.000000000000002,18.0
49,15.0,20.0
49,17.0,19.0
49,16.0,20.0
49,13.0,16.0
49,9.0,10.0
50,16.0,17.0
50,9.0,13.0
50,17.0,19.0
50,22.0,25.0
50,24.0,28.000000000000004
50,23.0,26.0
50,13.0,17.0
50,17.0,22.0
50,16.0,19.0
50,16.0,19.0
21,12.0,15.0
21,8.0,13.0
21,19.0,22.0
21,10.0,10.0
21,16.0,22.0
21,8.0,12.0
21,7.000000000000001,14.000000000000002
21,7.000000000000001,13.0
21,2.0,2.0
21,21.0,23.0
21,10.0,19.0
21,14.000000000000002,18.0
21,14.000000000000002,20.0
21,15.0,23.0
21,10.0,17.0
21,7.000000000000001,12.0
21,15.0,16.0
21,14.000000000000002,14.000000000000002
21,7.000000000000001,10.0
21,13.0,14.000000000000002
21,15.0,16.0
21,8.0,12.0
21,12.0,19.0
21,12.0,18.0
21,15.0,17.0
21,4.0,6.0
21,7.000000000000001,9.0
21,11.0,13.0
21,5.0,5.0
21,11.0,14.000000000000002
21,16.0,21.0
21,13.0,16.0
21,15.0,19.0
21,3.0,4.0
21,10.0,11.0
21,8.0,9.0
21,16.0,21.0
21,3.0,6.0
21,11.0,13.0
21,6.0,11.0
21,11.0,18.0
21,14.000000000000002,15.0
21,14.000000000000002,14.000000000000002
21,11.0,17.0
21,8.0,10.0
21,13.0,16.0
21,3.0,9.0
21,6.0,7.000000000000001
21,17.0,24.0
21,12.0,16.0
51,13.0,15.0
51,10.0,15.0
52,22.0,23.0
52,16.0,19.0
53,13.0,15.0
53,13.0,19.0
54,10.0,12.0
54,15.0,18.0
55,13.0,20.0
55,30.0,32.0
56,17.0,22.0
56,16.0,23.0
57,17.0,20.0
57,16.0,23.0
58,14.000000000000002,17.0
58,16.0,19.0
59,13.0,18.0
59,15.0,22.0
60,18.0,23.0
60,13.0,16.0
61,10.0,16.0
61,16.0,21.0
62,20.0,24.0
62,8.0,11.0
63,14.000000000000002,16.0
63,16.0,23.0
64,17.0,20.0
64,15.0,20.0
65,24.0,26.0
65,22.0,25.0
66,25.0,28.999999999999996
66,13.0,16.0
67,18.0,20.0
67,20.0,22.0
68,13.0,16.0
68,18.0,23.0
69,15.0,21.0
69,14.000000000000002,19.0
70,20.0,25.0
70,21.0,24.0
22,9.0,16.0
22,10.0,12.0
22,1.0,3.0
22,18.0,19.0
22,17.0,17.0
22,10.0,16.0
22,11.0,17.0
22,6.0,7.000000000000001
22,15.0,15.0
22,4.0,7.000000000000001
23,11.0,13.0
23,8.0,11.0
23,9.0,14.000000000000002
23,15.0,19.0
23,12.0,15.0
23,20.0,20.0
23,5.0,5.0
23,5.0,10.0
23,14.000000000000002,15.0
23,3.0,6.0
24,15.0,16.0
24,2.0,5.0
24,15.0,16.0
24,14.000000000000002,21.0
24,9.0,12.0
24,12.0,19.0
24,2.0,5.0
24,6.0,11.0
24,16.0,19.0
24,8.0,10.0
25,2.0,6.0
25,21.0,25.0
25,10.0,11.0
25,13.0,18.0
25,12.0,18.0
25,11.0,16.0
25,10.0,14.000000000000002
25,8.0,8.0
25,7.000000000000001,8.0
25,20.0,27.0
26,9.0,13.0
26,7.000000000000001,12.0
26,4.0,10.0
26,12.0,15.0
26,10.0,17.0
26,14.000000000000002,23.0
26,13.0,19.0
26,24.0,27.0
26,11.0,15.0
26,13.0,21.0
27,6.0,8.0
27,15.0,17.0
27,24.0,25.0
27,11.0,12.0
27,9.0,15.0
27,10.0,13.0
27,8.0,14.000000000000002
27,18.0,22.0
27,15.0,23.0
27,10.0,13.0
28,11.0,16.0
28,8.0,11.0
28,7.000000000000001,15.0
28,7.000000000000001,11.0
28,16.0,16.0
28,14.000000000000002,22.0
28,10.0,11.0
28,3.0,5.0
28,3.0,7.000000000000001
28,13.0,19.0
29,13.0,14.000000000000002
29,16.0,20.0
29,6.0,7.000000000000001
29,3.0,8.0
29,15.0,18.0
29,16.0,19.0
29,25.0,28.999999999999996
29,12.0,18.0
29,5.0,12.0
29,1.0,2.0
30,11.0,14.000000000000002
30,8.0,9.0
30,18.0,22.0
30,15.0,23.0
30,15.0,16.0
30,15.0,18.0
30,13.0,17.0
30,10.0,14.000000000000002
30,11.0,15.0
30,10.0,16.0
30,8.0,8.0
30,3.0,4.0
30,5.0,7.000000000000001
30,16.0,23.0
30,12.0,14.000000000000002
30,13.0,16.0
30,5.0,11.0
30,18.0,24.0
30,9.0,13.0
30,8.0,14.000000000000002
31,20.0,24.0
31,16.0,19.0
31,12.0,15.0
31,8.0,12.0
31,12.0,17.0
31,14.000000000000002,17.0
31,25.0,28.999999999999996
31,16.0,21.0
31,7.000000000000001,10.0
31,7.000000000000001,12.0
32,9.0,10.0
32,12.0,13.0
32,7.000000000000001,11.0
32,7.000000000000001,12.0
32,16.0,19.0
32,14.000000000000002,17.0
32,8.0,12.0
32,16.0,18.0
32,9.0,13.0
32,21.0,24.0
33,14.000000000000002,15.0
33,20.0,26.0
33,15.0,17.0
33,12.0,16.0
33,18.0,19.0
33,12.0,13.0
33,20.0,28.000000000000004
33,23.0,25.0
33,11.0,25.0
33,4.0,16.0
34,23.0,24.0
34,9.0,15.0
34,12.0,18.0
34,21.0,25.0
34,21.0,24.0
34,8.0,12.0
34,8.0,9.0
34,8.0,9.0
34,6.0,11.0
34,17.0,23.0
35,10.0,17.0
35,22.0,25.0
35,18.0,23.0
35,17.0,21.0
35,12.0,14.000000000000002
35,12.0,16.0
35,11.0,14.000000000000002
35,19.0,22.0
35,13.0,15.0
35,10.0,13.0
36,10.0,14.000000000000002
36,21.0,24.0
36,22.0,23.0
36,17.0,21.0
36,19.0,22.0
36,14.000000000000002,16.0
36,1.0,6.0
36,12.0,17.0
36,13.0,17.0
36,12.0,17.0
37,22.0,23.0
37,10.0,15.0
37,21.0,25.0
37,12.0,14.000000000000002
37,6.0,9.0
37,13.0,19.0
37,18.0,20.0
37,15.0,20.0
37,12.0,19.0
37,9.0,19.0
38,16.0,20.0
38,7.000000000000001,9.0
38,11.0,14.000000000000002
38,25.0,28.000000000000004
38,8.0,11.0
38,16.0,20.0
38,14.000000000000002,20.0
38,25.0,31.0
38,9.0,10.0
38,20.0,25.0
39,13.0,16.0
39,18.0,22.0
39,14.000000000000002,15.0
39,15.0,16.0
39,7.000000000000001,11.0
39,13.0,17.0
39,5.0,14.000000000000002
39,17.0,18.0
39,15.0,17.0
39,17.0,24.0
40,19.0,21.0
40,16.0,19.0
40,26.0,32.0
40,27.0,32.0
40,18.0,28.999999999999996
40,18.0,24.0
40,20.0,22.0
40,16.0,17.0
40,11.0,15.0
40,15.0,17.0
40,24.0,30.0
40,11.0,14.000000000000002
40,9.0,10.0
40,21.0,24.0
40,11.0,15.0
41,14.000000000000002,23.0
41,26.0,28.000000000000004
41,13.0,20.0
41,13.0,17.0
41,7.000000000000001,11.0
42,18.0,20.0
42,7.000000000000001,9.0
42,12.0,18.0
42,9.0,10.0
42,19.0,24.0
43,20.0,23.0
43,24.0,27.0
43,4.0,10.0
43,19.0,22.0
43,23.0,27.0
44,11.0,15.0
44,12.0,19.0
44,17.0,22.0
44,16.0,20.0
44,11.0,17.0
45,9.0,18.0
45,12.0,17.0
45,14.000000000000002,18.0
45,17.0,26.0
45,15.0,20.0
46,7.000000000000001,8.0
46,15.0,18.0
46,18.0,20.0
46,17.0,21.0
46,27.0,32.0
47,26.0,31.0
47,25.0,28.000000000000004
47,13.0,15.0
47,9.0,16.0
47,15.0,18.0
48,10.0,15.0
48,17.0,21.0
48,13.0,16.0
48,12.0,16.0
48,25.0,28.999999999999996
49,27.0,28.000000000000004
49,5.0,7.000000000000001
49,11.0,17.0
49,16.0,20.0
49,13.0,16.0
50,12.0,17.0
50,10.0,12.0
50,11.0,19.0
50,12.0,19.0
50,12.0,14.000000000000002
50,9.0,14.000000000000002
50,7.000000000000001,10.0
50,9.0,13.0
50,17.0,21.0
50,15.0,19.0
51,15.0,17.0
51,20.0,25.0
51,19.0,23.0
51,12.0,13.0
51,14.000000000000002,16.0
52,20.0,24.0
52,16.0,21.0
52,24.0,27.0
52,15.0,17.0
52,10.0,13.0
53,19.0,24.0
53,6.0,13.0
53,14.000000000000002,17.0
53,17.0,25.0
53,16.0,25.0
54,18.0,20.0
54,18.0,22.0
54,11.0,16.0
54,21.0,24.0
54,15.0,19.0
55,6.0,10.0
55,15.0,18.0
55,21.0,23.0
55,20.0,23.0
55,13.0,16.0
56,16.0,20.0
56,18.0,20.0
56,20.0,20.0
56,22.0,26.0
56,15.0,20.0
57,22.0,28.000000000000004
57,24.0,28.000000000000004
57,16.0,20.0
57,15.0,18.0
57,21.0,30.0
58,12.0,17.0
58,12.0,15.0
58,14.000000000000002,16.0
58,19.0,22.0
58,12.0,20.0
59,13.0,16.0
59,11.0,13.0
59,12.0,14.000000000000002
59,20.0,24.0
59,20.0,24.0
60,17.0,21.0
60,18.0,22.0
60,19.0,24.0
60,14.000000000000002,19.0
60,17.0,25.0
61,26.0,27.0
61,19.0,21.0
62,14.000000000000002,20.0
62,19.0,22.0
63,18.0,24.0
63,14.000000000000002,21.0
64,16.0,18.0
64,12.0,19.0
65,18.0,22.0
65,23.0,25.0
66,16.0,19.0
66,25.0,28.999999999999996
67,18.0,22.0
67,13.0,19.0
68,7.000000000000001,16.0
68,8.0,14.000000000000002
69,17.0,21.0
69,9.0,17.0
70,17.0,20.0
70,7.000000000000001,12.0
10,1.0,3.0
10,12.0,15.0
10,7.000000000000001,7.000000000000001
10,4.0,6.0
10,12.0,12.0
10,6.0,6.0
10,0.0,7.000000000000001
10,15.0,16.0
10,6.0,13.0
10,11.0,13.0
10,8.0,8.0
10,9.0,16.0
10,0.0,3.0
10,5.0,5.0
10,7.000000000000001,14.000000000000002
10,17.0,31.0
10,3.0,8.0
10,14.000000000000002,25.0
10,12.0,12.0
10,2.0,8.0
10,14.000000000000002,16.0
10,6.0,6.0
10,5.0,12.0
10,16.0,21.0
10,13.0,14.000000000000002
10,13.0,13.0
10,0.0,8.0
10,19.0,19.0
10,1.0,2.0
10,8.0,11.0
10,0.0,1.0
10,7.000000000000001,10.0
10,0.0,11.0
10,9.0,15.0
10,0.0,6.0
10,0.0,2.0
10,20.0,21.0
10,7.000000000000001,9.0
10,12.0,13.0
10,15.0,15.0
10,13.0,17.0
10,10.0,10.0
10,9.0,10.0
10,7.000000000000001,7.000000000000001
10,4.0,4.0
10,1.0,2.0
10,12.0,12.0
10,12.0,23.0
10,11.0,15.0
10,0.0,0.0
10,3.0,3.0
10,4.0,6.0
10,3.0,15.0
10,0.0,4.0
10,7.000000000000001,8.0
10,0.0,2.0
10,13.0,13.0
10,12.0,12.0
10,10.0,11.0
10,5.0,11.0
10,0.0,0.0
10,0.0,7.000000000000001
10,0.0,9.0
10,13.0,15.0
10,3.0,5.0
10,1.0,5.0
10,3.0,9.0
10,0.0,1.0
10,6.0,7.000000000000001
10,0.0,1.0
10,8.0,10.0
10,3.0,4.0
10,5.0,6.0
10,14.000000000000002,19.0
10,15.0,16.0
10,0.0,0.0
10,3.0,6.0
10,17.0,20.0
10,4.0,5.0
10,7.000000000000001,9.0
10,4.0,4.0
10,17.0,23.0
10,16.0,24.0
10,13.0,22.0
10,7.000000000000001,7.000000000000001
10,16.0,16.0
10,0.0,3.0
10,0.0,1.0
10,5.0,8.0
10,10.0,15.0
10,3.0,4.0
10,2.0,13.0
10,11.0,12.0
10,4.0,6.0
10,13.0,14.000000000000002
10,8.0,10.0
10,5.0,6.0
10,3.0,5.0
10,1.0,6.0
10,0.0,3.0
10,8.0,8.0
10,5.0,8.0
10,0.0,1.0
10,9.0,9.0
10,6.0,9.0
10,1.0,2.0
10,16.0,21.0
10,14.000000000000002,15.0
10,7.000000000000001,8.0
10,11.0,17.0
11,17.0,19.0
11,12.0,13.0
11,7.000000000000001,12.0
11,17.0,17.0
11,0.0,0.0
11,9.0,9.0
11,2.0,5.0
11,11.0,15.0
11,5.0,6.0
11,1.0,1.0
11,2.0,5.0
11,5.0,6.0
11,15.0,21.0
11,10.0,12.0
11,8.0,9.0
11,0.0,5.0
11,4.0,7.000000000000001
11,3.0,4.0
11,8.0,9.0
11,8.0,8.0
11,6.0,6.0
11,11.0,15.0
11,12.0,16.0
11,0.0,10.0
11,10.0,11.0
11,11.0,11.0
11,0.0,4.0
11,1.0,8.0
11,22.0,22.0
11,21.0,22.0
11,0.0,5.0
11,7.000000000000001,9.0
11,13.0,13.0
11,0.0,0.0
11,20.0,24.0
11,17.0,17.0
11,0.0,5.0
11,2.0,5.0
11,3.0,3.0
11,12.0,15.0
11,8.0,13.0
11,8.0,9.0
11,14.000000000000002,17.0
11,7.000000000000001,8.0
11,6.0,12.0
11,7.000000000000001,9.0
11,1.0,4.0
11,16.0,19.0
11,17.0,19.0
11,0.0,6.0
11,4.0,4.0
11,16.0,19.0
11,9.0,11.0
11,13.0,15.0
11,7.000000000000001,8.0
11,6.0,8.0
11,4.0,5.0
11,5.0,5.0
11,6.0,9.0
11,0.0,2.0
11,7.000000000000001,9.0
11,16.0,28.000000000000004
11,7.000000000000001,12.0
11,12.0,14.000000000000002
11,7.000000000000001,7.000000000000001
11,0.0,0.0
11,5.0,7.000000000000001
11,5.0,11.0
11,3.0,3.0
11,1.0,3.0
11,0.0,3.0
11,0.0,0.0
11,3.0,7.000000000000001
11,11.0,11.0
11,14.000000000000002,18.0
11,7.000000000000001,12.0
11,15.0,17.0
11,14.000000000000002,15.0
11,2.0,4.0
11,6.0,6.0
11,5.0,7.000000000000001
11,7.000000000000001,13.0
11,20.0,20.0
11,3.0,3.0
11,0.0,0.0
11,12.0,12.0
11,0.0,13.0
11,3.0,5.0
11,0.0,5.0
11,0.0,3.0
11,2.0,4.0
11,19.0,21.0
11,19.0,22.0
11,6.0,17.0
11,7.000000000000001,7.000000000000001
11,15.0,21.0
11,0.0,8.0
11,0.0,0.0
11,11.0,15.0
11,3.0,12.0
64,15.0,19.0
64,19.0,22.0
64,13.0,16.0
64,19.0,24.0
64,11.0,15.0
68,25.0,28.999999999999996
68,16.0,19.0
68,10.0,11.0
68,19.0,22.0
68,15.0,20.0
80,23.0,26.0
80,17.0,21.0
80,20.0,25.0
80,20.0,28.999999999999996
80,23.0,25.0
81,17.0,19.0
81,12.0,16.0
81,21.0,24.0
81,24.0,28.000000000000004
81,18.0,20.0
82,9.0,14.000000000000002
82,17.0,24.0
82,18.0,22.0
82,15.0,23.0
82,15.0,17.0
83,24.0,30.0
83,13.0,17.0
83,26.0,28.000000000000004
83,19.0,22.0
83,17.0,20.0
84,19.0,22.0
84,15.0,19.0
84,19.0,22.0
84,17.0,19.0
84,24.0,28.000000000000004
85,17.0,20.0
85,27.0,31.0
85,18.0,20.0
85,13.0,19.0
85,13.0,17.0
86,7.000000000000001,11.0
86,20.0,24.0
86,17.0,21.0
86,23.0,27.0
86,23.0,26.0
87,22.0,26.0
87,14.000000000000002,17.0
87,14.000000000000002,17.0
87,16.0,20.0
87,17.0,19.0
88,16.0,20.0
88,18.0,20.0
88,30.0,35.0
88,18.0,22.0
88,19.0,23.0
89,25.0,28.999999999999996
89,12.0,13.0
89,19.0,23.0
89,9.0,17.0
89,22.0,25.0
90,21.0,24.0
90,19.0,23.0
90,15.0,19.0
90,12.0,17.0
90,18.0,23.0
91,21.0,25.0
91,20.0,25.0
91,26.0,30.0
91,18.0,21.0
91,18.0,23.0
92,11.0,16.0
92,13.0,16.0
92,14.000000000000002,18.0
92,17.0,24.0
92,18.0,20.0
93,20.0,23.0
93,19.0,22.0
93,20.0,23.0
93,14.000000000000002,19.0
93,19.0,26.0
94,15.0,19.0
94,21.0,23.0
94,16.0,20.0
94,17.0,21.0
94,14.000000000000002,18.0
95,22.0,28.000000000000004
95,17.0,22.0
95,21.0,26.0
95,16.0,20.0
95,16.0,19.0
96,19.0,22.0
96,17.0,20.0
96,16.0,19.0
96,16.0,20.0
96,20.0,25.0
97,28.000000000000004,32.0
97,10.0,16.0
97,19.0,20.0
97,20.0,23.0
97,24.0,26.0
98,14.000000000000002,18.0
98,16.0,19.0
98,19.0,21.0
98,19.0,22.0
98,13.0,22.0
99,19.0,23.0
99,17.0,22.0
99,19.0,23.0
99,14.000000000000002,25.0
99,16.0,19.0
81,21.0,26.0
81,17.0,21.0
81,13.0,15.0
81,14.000000000000002,17.0
81,15.0,19.0
82,22.0,27.0
82,14.000000000000002,13.0
82,25.0,28.000000000000004
82,20.0,23.0
82,23.0,25.0
83,10.0,15.0
83,11.0,16.0
83,18.0,22.0
83,6.0,12.0
83,16.0,18.0
84,20.0,22.0
84,11.0,12.0
84,21.0,27.0
84,21.0,24.0
84,13.0,14.000000000000002
85,25.0,28.999999999999996
85,18.0,22.0
85,21.0,24.0
85,20.0,24.0
85,18.0,20.0
100,21.0,26.0
100,14.000000000000002,18.0
100,17.0,20.0
100,15.0,19.0
100,22.0,25.0
86,10.0,14.000000000000002
86,16.0,20.0
86,16.0,21.0
87,18.0,22.0
87,18.0,22.0
87,17.0,23.0
87,15.0,20.0
87,21.0,27.0
87,16.0,19.0
87,19.0,23.0
87,13.0,18.0
88,22.0,25.0
88,17.0,21.0
88,22.0,25.0
88,23.0,26.0
88,19.0,23.0
89,11.0,16.0
89,25.0,28.999999999999996
89,11.0,15.0
89,16.0,20.0
89,13.0,16.0
71,19.0,24.0
71,12.0,15.0
71,13.0,16.0
71,12.0,17.0
71,16.0,19.0
72,14.000000000000002,18.0
72,22.0,27.0
72,17.0,22.0
72,12.0,15.0
72,22.0,25.0
73,17.0,19.0
73,23.0,26.0
73,18.0,28.000000000000004
73,17.0,19.0
73,19.0,22.0
74,17.0,21.0
74,13.0,19.0
74,17.0,24.0
74,24.0,28.000000000000004
74,19.0,22.0
75,20.0,23.0
75,24.0,27.0
75,16.0,19.0
75,22.0,26.0
75,16.0,19.0
76,16.0,19.0
76,21.0,22.0
76,14.000000000000002,18.0
76,18.0,22.0
76,21.0,27.0
77,18.0,19.0
77,13.0,17.0
77,15.0,19.0
77,15.0,17.0
77,10.0,14.000000000000002
78,12.0,16.0
78,16.0,20.0
78,14.000000000000002,19.0
78,17.0,21.0
78,13.0,16.0
79,18.0,22.0
79,10.0,18.0
79,20.0,25.0
79,12.0,15.0
79,10.0,12.0
