4,0.0010769367218017578,0,1
4,0.0006659030914306641,0,1
4,0.0008842945098876953,0,0
4,0.0008680820465087891,0,0
4,0.0008749961853027344,0,0
4,0.0015788078308105469,1,1
4,0.0008931159973144531,0,0
4,0.0013797283172607422,1,0
4,0.0008807182312011719,0,1
4,0.0008370876312255859,0,0
5,0.0014200210571289062,0,1
5,0.001466989517211914,0,1
5,0.0012087821960449219,0,0
5,0.0019042491912841797,0,0
5,0.0012209415435791016,0,0
5,0.0015070438385009766,0,1
5,0.0013539791107177734,0,0
5,0.0013761520385742188,0,0
5,0.002051830291748047,1,1
5,0.002199888229370117,1,1
6,0.0045511722564697266,3,1
6,0.0028231143951416016,1,1
6,0.0018010139465332031,0,1
6,0.004879951477050781,1,1
6,0.00446319580078125,1,0
6,0.0015857219696044922,0,1
6,0.004755973815917969,1,1
6,0.002827167510986328,1,0
6,0.002767801284790039,1,1
6,0.0067501068115234375,2,1
7,0.006348133087158203,1,1
7,0.006508588790893555,1,1
7,0.008588075637817383,1,0
7,0.009924173355102539,1,0
7,0.002602100372314453,0,1
7,0.002613067626953125,0,1
7,0.007633209228515625,4,0
7,0.003847837448120117,1,1
7,0.008279800415039062,2,1
7,0.011783838272094727,3,1
8,0.013881206512451172,1,1
8,0.005158901214599609,0,1
8,0.003337860107421875,0,1
8,0.004791975021362305,1,1
8,0.004651069641113281,0,1
8,0.011271238327026367,1,0
8,0.013417959213256836,3,1
8,0.011560201644897461,2,1
8,0.01101374626159668,1,1
8,0.010609865188598633,1,1
9,0.0054819583892822266,0,1
9,0.009378671646118164,1,1
9,0.009284019470214844,1,2
9,0.03122687339782715,4,1
9,0.036630868911743164,5,1
9,0.024823904037475586,3,1
9,0.011388063430786133,1,1
9,0.013184070587158203,1,0
9,0.01888298988342285,2,1
9,0.015907764434814453,1,1
10,0.0197601318359375,3,0
10,0.016871929168701172,2,1
10,0.011205911636352539,1,1
10,0.03127479553222656,2,0
10,0.021971940994262695,2,0
10,0.02296614646911621,2,1
10,0.018636703491210938,1,0
10,0.010833978652954102,1,1
10,0.0243680477142334,2,1
10,0.016932964324951172,1,0
11,0.019016027450561523,0,1
11,0.010658025741577148,0,1
11,0.01910686492919922,1,1
11,0.010324954986572266,0,1
11,0.02878594398498535,2,1
11,0.04039120674133301,2,0
11,0.03486299514770508,3,0
11,0.014657974243164062,1,1
11,0.03763413429260254,3,1
11,0.026723146438598633,2,1
12,0.022961139678955078,2,1
12,0.042181968688964844,2,0
12,0.04966402053833008,4,0
12,0.015753984451293945,0,0
12,0.013100862503051758,2,1
12,0.02319622039794922,2,1
12,0.038697004318237305,3,1
12,0.02254486083984375,1,1
12,0.030116796493530273,2,1
12,0.04214930534362793,2,1
13,0.06250381469726562,3,1
13,0.16302490234375,7,1
13,0.014461994171142578,0,1
13,0.02470088005065918,1,1
13,0.051573991775512695,2,1
13,0.13025307655334473,7,1
13,0.010728120803833008,0,1
13,0.06702280044555664,3,1
13,0.04523015022277832,3,1
13,0.12746977806091309,7,0
14,0.07328510284423828,2,1
14,0.06272196769714355,3,1
14,0.05878305435180664,2,1
14,0.07499217987060547,3,1
14,0.11310577392578125,5,1
14,0.04426980018615723,1,1
14,0.0355532169342041,3,1
14,0.0766451358795166,3,1
14,0.028570175170898438,1,1
14,0.037225961685180664,1,1
15,0.0467987060546875,2,1
15,0.04690694808959961,2,1
15,0.07422780990600586,4,1
15,0.09213781356811523,5,1
15,0.1319870948791504,5,1
15,0.0467371940612793,2,1
15,0.062120914459228516,2,1
15,0.1405787467956543,4,1
15,0.18221521377563477,8,1
15,0.3100569248199463,7,1
16,0.13566279411315918,5,1
16,0.18064522743225098,4,1
16,0.10144281387329102,4,1
16,0.11327004432678223,3,1
16,0.29567909240722656,8,1
16,0.11613011360168457,3,1
16,0.24830389022827148,6,0
16,0.1113429069519043,4,1
16,0.11751103401184082,4,1
16,0.11100292205810547,4,1
17,0.08912110328674316,2,1
17,0.07448291778564453,3,2
17,0.39441466331481934,7,0
17,0.16138195991516113,4,1
17,0.22495722770690918,6,1
17,0.12313485145568848,4,1
17,0.15980792045593262,3,1
17,0.12897515296936035,3,1
17,0.10616874694824219,3,1
17,0.10503387451171875,3,1
18,0.2570040225982666,5,1
18,0.0686190128326416,2,1
18,0.21954703330993652,5,1
18,0.1490769386291504,3,1
18,0.3860640525817871,8,1
18,0.17581987380981445,4,1
18,0.1432819366455078,3,1
18,0.05937600135803223,1,1
18,0.09304499626159668,3,3
18,0.12474489212036133,3,1
19,0.17562198638916016,5,1
19,0.188385009765625,4,1
19,0.09133791923522949,1,1
19,0.1582779884338379,3,1
19,0.22198200225830078,3,1
19,0.05026817321777344,0,1
19,0.3397538661956787,6,1
19,0.09443807601928711,2,1
19,0.35708093643188477,8,1
19,0.1288919448852539,3,1
20,0.15301990509033203,2,1
20,0.24664998054504395,4,1
20,0.35042381286621094,5,1
20,0.7027809619903564,6,1
20,0.22936797142028809,5,1
20,0.6965539455413818,6,1
20,0.17205095291137695,2,1
20,0.16518402099609375,3,1
20,0.24376320838928223,3,2
20,0.2961130142211914,5,1
21,0.3809688091278076,7,1
21,0.2656869888305664,2,1
21,0.3947010040283203,4,1
21,0.14979004859924316,2,1
21,0.10007810592651367,4,1
21,0.15194010734558105,3,1
21,0.11218500137329102,5,2
21,0.22693991661071777,5,1
21,0.11536788940429688,2,1
21,0.12037086486816406,2,2
22,0.8561787605285645,11,1
22,0.3872668743133545,9,1
22,0.37290024757385254,6,1
22,0.25638580322265625,4,2
22,0.2937002182006836,5,1
22,0.2040858268737793,3,1
22,0.1580967903137207,4,2
22,0.3844788074493408,4,1
22,0.5658829212188721,8,1
22,0.3174290657043457,4,1
23,0.13856196403503418,2,1
23,0.22317004203796387,4,2
23,0.25759196281433105,5,1
23,0.4011080265045166,5,1
23,0.4033999443054199,5,1
23,0.40564799308776855,5,1
23,0.8914248943328857,11,1
23,0.7960691452026367,9,1
23,0.4794578552246094,6,1
23,0.3399658203125,4,1
24,0.2963271141052246,5,3
24,0.49852681159973145,7,1
24,0.6197640895843506,9,1
24,0.5878860950469971,7,2
24,0.8348939418792725,5,1
24,0.2949492931365967,5,1
24,0.29285216331481934,3,1
24,0.4873499870300293,6,1
24,0.4092750549316406,6,1
24,0.6187400817871094,5,1
25,0.7406620979309082,10,1
25,0.20300006866455078,2,1
25,0.3566250801086426,6,1
25,0.6213161945343018,7,1
25,0.3993949890136719,4,1
25,0.9394629001617432,9,2
25,0.47945189476013184,5,1
25,0.25846028327941895,2,1
25,0.6255288124084473,7,1
25,0.7035551071166992,10,1
26,0.2958719730377197,3,1
26,0.5276720523834229,5,1
26,1.4856321811676025,11,1
26,0.7505578994750977,6,3
26,1.0604889392852783,8,1
27,0.45183491706848145,5,1
27,0.6589400768280029,5,1
27,1.048893928527832,7,1
27,0.8397448062896729,7,1
27,0.5218980312347412,6,1
28,0.31838488578796387,3,1
28,0.48882198333740234,5,1
28,0.932560920715332,9,1
28,1.807805061340332,12,1
28,0.7211618423461914,5,2
29,0.9901909828186035,9,1
29,1.1802387237548828,8,1
29,1.2598350048065186,8,1
29,1.0269322395324707,6,1
29,0.35346508026123047,4,1
30,1.5459001064300537,9,1
30,1.1149067878723145,10,1
30,1.286693811416626,8,1
30,1.0185539722442627,7,2
30,1.262723684310913,9,1
31,1.8134231567382812,10,1
32,1.3351349830627441,6,1
33,0.6485269069671631,2,1
34,1.866349697113037,11,1
35,5.631233215332031,19,1
36,1.7284650802612305,11,2
37,2.9275269508361816,15,1
38,3.9090559482574463,12,1
39,3.9100310802459717,14,1
40,4.635248184204102,11,1
41,4.4919209480285645,13,1
42,3.2402427196502686,13,1
43,2.028045177459717,6,1
44,5.813021898269653,15,2
45,6.088133811950684,17,1
46,6.674649715423584,18,1
47,6.242201089859009,12,1
48,8.393435001373291,16,1
49,8.744829177856445,21,1
50,11.366578340530396,19,1
35,1.5870001316070557,10,1
35,1.5980679988861084,8,1
35,4.569450855255127,10,1
35,2.4178459644317627,10,1
35,3.8509271144866943,11,1
35,1.0226550102233887,5,2
35,3.2495830059051514,9,1
35,3.3163938522338867,15,3
35,2.9095139503479004,11,1
