91,102.88583397865295,35,2
91,71.27229905128479,28,1
91,107.12040185928345,43,3
92,74.3132688999176,31,1
92,63.065115213394165,26,2
92,40.444390058517456,18,1
93,112.79173278808594,37,1
93,84.47098422050476,29,1
93,131.6461911201477,37,1
94,145.07102394104004,44,2
94,108.35735201835632,32,2
94,75.6141471862793,28,2
95,105.35297179222107,35,1
95,125.40443110466003,37,1
95,74.30697274208069,32,1
96,89.23193216323853,28,1
96,134.85590314865112,36,2
96,112.42628526687622,33,1
97,115.13588976860046,37,1
97,96.69534206390381,31,2
97,65.97016882896423,24,1
98,73.70969200134277,25,1
98,155.89864087104797,44,2
98,69.14039015769958,25,2
99,105.33119201660156,36,1
99,131.70852136611938,32,1
99,145.25829815864563,43,2
1,0.00015401840209960938,0,0
1,0.00010180473327636719,0,0
1,9.703636169433594e-05,0,0
1,9.584426879882812e-05,0,0
1,9.775161743164062e-05,0,0
1,9.799003601074219e-05,0,0
1,9.584426879882812e-05,0,0
1,9.703636169433594e-05,0,0
1,9.608268737792969e-05,0,0
1,9.608268737792969e-05,0,0
1,9.608268737792969e-05,0,0
1,9.489059448242188e-05,0,0
1,9.512901306152344e-05,0,0
1,9.608268737792969e-05,0,0
1,9.393692016601562e-05,0,0
1,9.512901306152344e-05,0,0
1,9.703636169433594e-05,0,0
1,9.512901306152344e-05,0,0
1,9.608268737792969e-05,0,0
1,0.00011992454528808594,0,0
1,9.703636169433594e-05,0,0
1,9.608268737792969e-05,0,0
1,9.489059448242188e-05,0,0
1,9.703636169433594e-05,0,0
1,9.512901306152344e-05,0,0
1,9.608268737792969e-05,0,0
1,9.608268737792969e-05,0,0
1,9.584426879882812e-05,0,0
1,9.489059448242188e-05,0,0
1,9.489059448242188e-05,0,0
2,0.00018095970153808594,0,0
2,0.00016427040100097656,0,0
2,0.00015997886657714844,0,0
2,0.00016117095947265625,0,0
2,0.0001621246337890625,0,0
2,0.0001609325408935547,0,0
2,0.00015997886657714844,0,0
2,0.0001609325408935547,0,0
2,0.00016164779663085938,0,0
2,0.00015997886657714844,0,0
2,0.00016307830810546875,0,0
2,0.00016117095947265625,0,0
2,0.00016188621520996094,0,0
2,0.00016307830810546875,0,0
2,0.0001609325408935547,0,0
2,0.00015997886657714844,0,0
2,0.00016117095947265625,0,0
2,0.00016188621520996094,0,0
2,0.0001609325408935547,0,0
2,0.0001621246337890625,0,0
2,0.0001621246337890625,0,0
2,0.0001678466796875,0,0
2,0.00016999244689941406,0,0
2,0.0001678466796875,0,0
2,0.00016880035400390625,0,0
2,0.00017189979553222656,0,0
2,0.0001678466796875,0,0
2,0.0001628398895263672,0,0
2,0.00016307830810546875,0,0
2,0.000164031982421875,0,0
3,0.0005159378051757812,0,0
3,0.00044083595275878906,0,0
3,0.00047898292541503906,0,0
3,0.0005769729614257812,0,1
3,0.0005710124969482422,0,1
3,0.00042438507080078125,0,0
3,0.0005629062652587891,0,1
3,0.0005660057067871094,0,1
3,0.0005619525909423828,0,1
3,0.0007429122924804688,0,0
3,0.0005040168762207031,0,1
3,0.00037479400634765625,0,0
3,0.00036907196044921875,0,0
3,0.0006339550018310547,0,1
3,0.00036716461181640625,0,0
3,0.000438690185546875,0,1
3,0.00033092498779296875,0,0
3,0.0004382133483886719,0,1
3,0.0005800724029541016,0,0
3,0.0003299713134765625,0,0
3,0.0005786418914794922,0,0
3,0.00043487548828125,0,0
3,0.0004169940948486328,0,1
3,0.0004169940948486328,0,1
3,0.0005481243133544922,0,0
3,0.0005502700805664062,0,0
3,0.00041604042053222656,0,1
3,0.0003750324249267578,0,0
3,0.00042319297790527344,0,1
3,0.000335693359375,0,0
4,0.0008699893951416016,0,0
4,0.0013780593872070312,1,0
4,0.001336812973022461,1,0
4,0.0006620883941650391,0,1
4,0.0013501644134521484,1,0
4,0.0010039806365966797,0,1
4,0.0006630420684814453,0,1
4,0.0009138584136962891,0,0
4,0.0006661415100097656,0,1
4,0.0008020401000976562,0,0
4,0.0006701946258544922,0,1
4,0.0009620189666748047,0,0
4,0.0008208751678466797,0,0
4,0.001004934310913086,0,1
4,0.0013549327850341797,1,0
4,0.0006799697875976562,0,1
4,0.0008080005645751953,0,0
4,0.0006678104400634766,0,1
4,0.0008001327514648438,0,0
4,0.0018329620361328125,2,0
4,0.0010082721710205078,0,1
4,0.0015828609466552734,1,1
4,0.0006792545318603516,0,1
4,0.0008051395416259766,0,0
4,0.0006709098815917969,0,1
4,0.0006740093231201172,0,1
4,0.0006690025329589844,0,1
4,0.0008120536804199219,0,0
4,0.0006759166717529297,0,1
4,0.0007312297821044922,0,1
5,0.0014688968658447266,0,1
5,0.0013098716735839844,0,0
5,0.002585887908935547,2,0
5,0.0013680458068847656,0,0
5,0.0011951923370361328,0,0
5,0.001979827880859375,1,1
5,0.0022039413452148438,1,1
5,0.0013241767883300781,0,1
5,0.0011749267578125,0,0
5,0.002091646194458008,1,1
5,0.0018699169158935547,0,0
5,0.0013060569763183594,0,1
5,0.002009868621826172,0,0
5,0.0021262168884277344,1,1
5,0.0011768341064453125,0,0
5,0.002855062484741211,2,0
5,0.001371145248413086,0,1
5,0.002052783966064453,0,0
5,0.0010030269622802734,0,1
5,0.0020837783813476562,1,1
5,0.0020761489868164062,1,1
5,0.0011830329895019531,0,0
5,0.0013089179992675781,0,1
5,0.0015299320220947266,0,1
5,0.0009999275207519531,0,1
5,0.001958131790161133,1,0
5,0.0018849372863769531,0,0
5,0.0013039112091064453,0,1
5,0.0012061595916748047,0,0
5,0.0011761188507080078,0,0
6,0.006830930709838867,2,0
6,0.0019390583038330078,0,1
6,0.0038111209869384766,2,0
6,0.0027747154235839844,1,1
6,0.0028243064880371094,1,1
6,0.004624843597412109,1,0
6,0.002053976058959961,0,1
6,0.002666950225830078,1,0
6,0.0027849674224853516,1,1
6,0.0016789436340332031,0,0
6,0.00279998779296875,0,1
6,0.001374959945678711,0,1
6,0.00185394287109375,0,1
6,0.004928112030029297,1,1
6,0.004584074020385742,1,0
6,0.0018470287322998047,0,1
6,0.0027549266815185547,1,1
6,0.0046961307525634766,1,1
6,0.0016880035400390625,0,0
6,0.0018267631530761719,0,1
6,0.0028450489044189453,1,1
6,0.004522085189819336,1,0
6,0.0027420520782470703,0,1
6,0.0029120445251464844,1,1
6,0.0036847591400146484,2,1
6,0.005924224853515625,1,1
6,0.0025568008422851562,0,1
6,0.0023398399353027344,0,1
6,0.0020232200622558594,0,1
6,0.002682924270629883,0,0
7,0.009411096572875977,1,1
7,0.008625030517578125,2,1
7,0.010979175567626953,3,1
7,0.006064891815185547,1,0
7,0.008580684661865234,2,1
7,0.006031990051269531,1,1
7,0.005038022994995117,2,1
7,0.00598907470703125,1,1
7,0.004117012023925781,0,1
7,0.010849952697753906,3,0
7,0.004622220993041992,1,1
7,0.005867958068847656,1,0
7,0.013171195983886719,4,0
7,0.005898952484130859,1,0
7,0.0061070919036865234,1,1
7,0.008484840393066406,2,1
7,0.005928993225097656,1,1
7,0.0037429332733154297,1,1
7,0.003677845001220703,1,1
7,0.010574102401733398,3,0
7,0.013113975524902344,4,0
7,0.005975246429443359,1,1
7,0.003242969512939453,0,0
7,0.005900859832763672,1,0
7,0.00484919548034668,0,0
7,0.008322954177856445,2,1
7,0.0037250518798828125,0,0
7,0.014286994934082031,4,0
7,0.013039112091064453,3,0
7,0.0034651756286621094,0,1
8,0.005910158157348633,2,1
8,0.004724979400634766,0,1
8,0.017166852951049805,4,0
8,0.015664100646972656,2,0
8,0.0031402111053466797,0,1
8,0.016330957412719727,4,0
8,0.006268978118896484,2,1
8,0.007096767425537109,1,0
8,0.004446983337402344,0,1
8,0.009558916091918945,1,1
8,0.0035467147827148438,0,1
8,0.00745391845703125,1,1
8,0.004307985305786133,0,1
8,0.006202220916748047,0,0
8,0.008718013763427734,1,0
8,0.0031440258026123047,0,1
8,0.004304170608520508,0,1
8,0.005568981170654297,2,0
8,0.010232925415039062,2,1
8,0.008901119232177734,1,1
8,0.007913827896118164,0,1
8,0.004588603973388672,0,1
8,0.005904197692871094,2,1
8,0.015516996383666992,2,0
8,0.00584721565246582,0,0
8,0.007339000701904297,1,0
8,0.01087808609008789,2,1
8,0.01913905143737793,4,0
8,0.005349159240722656,0,1
8,0.010289907455444336,2,1
9,0.01300191879272461,1,0
9,0.005444049835205078,0,1
9,0.023041725158691406,4,1
9,0.009184122085571289,1,1
9,0.008913993835449219,1,1
9,0.015259981155395508,1,1
9,0.019566059112548828,2,1
9,0.03646492958068848,5,1
9,0.024183034896850586,3,1
9,0.008835792541503906,1,1
9,0.00902104377746582,1,1
9,0.009039878845214844,1,1
9,0.007231950759887695,2,1
9,0.007384061813354492,2,1
9,0.012843132019042969,1,1
9,0.01958775520324707,4,1
9,0.007411003112792969,0,1
9,0.04531717300415039,4,0
9,0.008915901184082031,1,1
9,0.008734941482543945,1,0
9,0.01244807243347168,2,1
9,0.018341064453125,2,1
9,0.015681982040405273,3,1
9,0.024333953857421875,3,1
9,0.012555122375488281,1,0
9,0.012705087661743164,2,1
9,0.026500940322875977,3,1
9,0.0073699951171875,0,1
9,0.016559123992919922,1,1
9,0.0057599544525146484,0,1
10,0.01281595230102539,1,1
10,0.021955251693725586,1,0
10,0.015390872955322266,2,1
10,0.008706808090209961,0,1
10,0.006453990936279297,0,1
10,0.04153299331665039,5,0
10,0.03333306312561035,2,1
10,0.02181696891784668,2,1
10,0.01906895637512207,3,1
10,0.03925180435180664,3,1
10,0.02227783203125,2,1
10,0.031742095947265625,3,0
10,0.03563690185546875,4,1
10,0.052781105041503906,6,0
10,0.04250693321228027,3,1
10,0.015230894088745117,1,1
10,0.03205418586730957,3,1
10,0.021652936935424805,2,1
10,0.01044917106628418,1,1
10,0.022749900817871094,4,1
10,0.020730018615722656,1,0
10,0.010726213455200195,1,1
10,0.022671937942504883,3,1
10,0.015666961669921875,1,1
10,0.016996145248413086,1,1
10,0.006916046142578125,0,1
10,0.022780895233154297,4,1
10,0.010431051254272461,1,1
10,0.014783859252929688,2,1
10,0.011414051055908203,0,1
11,0.021622896194458008,1,1
11,0.024936914443969727,1,1
11,0.012917041778564453,1,1
11,0.026553869247436523,2,2
11,0.03318905830383301,3,1
11,0.018346309661865234,1,2
11,0.013464212417602539,0,1
11,0.013361930847167969,0,1
11,0.04375028610229492,4,1
11,0.04102015495300293,4,1
11,0.04909396171569824,2,0
11,0.01955413818359375,1,1
11,0.04475283622741699,4,1
11,0.03379201889038086,3,1
11,0.00763392448425293,0,1
11,0.028780221939086914,4,1
11,0.012778997421264648,1,1
11,0.02220606803894043,3,1
11,0.020251035690307617,1,1
11,0.03359270095825195,3,1
11,0.012954950332641602,3,1
11,0.053328752517700195,5,1
11,0.02456188201904297,1,1
11,0.018470287322998047,1,1
11,0.027675151824951172,4,1
11,0.046090126037597656,3,0
11,0.024328947067260742,1,1
11,0.0054819583892822266,0,1
11,0.012584924697875977,1,1
11,0.012437105178833008,1,1
12,0.03269004821777344,1,1
12,0.04223513603210449,2,1
12,0.012178897857666016,0,1
12,0.020949602127075195,1,1
12,0.009654045104980469,0,1
12,0.02964186668395996,3,1
12,0.0507969856262207,4,1
12,0.019697904586791992,2,0
12,0.035531044006347656,4,1
12,0.02977585792541504,2,1
12,0.012059926986694336,0,1
12,0.09861922264099121,6,1
12,0.038370609283447266,3,1
12,0.02066183090209961,1,1
12,0.009180068969726562,0,1
12,0.05322599411010742,2,0
12,0.028268098831176758,1,1
12,0.020188093185424805,2,1
12,0.04266500473022461,3,1
12,0.014970064163208008,1,1
12,0.020797014236450195,1,0
12,0.024292945861816406,1,1
12,0.038619041442871094,3,1
12,0.042176008224487305,3,1
12,0.030118227005004883,2,1
12,0.01476907730102539,1,1
12,0.01218104362487793,0,1
12,0.05375981330871582,3,1
12,0.015479803085327148,1,1
12,0.01127004623413086,0,1
13,0.07862091064453125,4,1
13,0.011168956756591797,0,1
13,0.06551980972290039,3,1
13,0.07860517501831055,4,1
13,0.0832509994506836,3,0
13,0.038510799407958984,2,1
13,0.03493213653564453,2,1
13,0.02437901496887207,1,1
13,0.023939132690429688,1,1
13,0.03435492515563965,2,1
13,0.08135199546813965,3,1
13,0.06612515449523926,3,1
13,0.048629045486450195,3,1
13,0.06412076950073242,2,0
13,0.05667614936828613,4,2
13,0.08434891700744629,7,0
13,0.018300771713256836,0,1
13,0.024148941040039062,1,1
13,0.048039913177490234,3,1
13,0.023926973342895508,2,1
13,0.0242919921875,1,1
13,0.03458094596862793,2,1
13,0.013869047164916992,0,1
13,0.09542202949523926,5,0
13,0.14177775382995605,6,1
13,0.027922868728637695,1,1
13,0.09490084648132324,5,1
13,0.024100065231323242,1,1
13,0.018315792083740234,0,1
13,0.017148256301879883,1,1
14,0.040617942810058594,1,1
14,0.06228375434875488,4,1
14,0.14341306686401367,5,1
14,0.06994318962097168,3,1
14,0.07240509986877441,3,1
14,0.03872203826904297,2,1
14,0.06841802597045898,2,1
14,0.0737159252166748,3,0
14,0.05242800712585449,2,0
14,0.03892183303833008,1,1
14,0.10421466827392578,5,0
14,0.07319903373718262,3,1
14,0.03837990760803223,1,0
14,0.04235196113586426,2,1
14,0.07207989692687988,2,1
14,0.01596808433532715,0,1
14,0.04707908630371094,1,1
14,0.07191300392150879,3,2
14,0.03844404220581055,2,1
14,0.08510589599609375,4,1
14,0.06638789176940918,4,1
14,0.012296199798583984,0,1
14,0.049871206283569336,3,1
14,0.04363512992858887,2,1
14,0.07587003707885742,5,1
14,0.03903794288635254,2,1
14,0.09035491943359375,4,1
14,0.049775123596191406,3,1
14,0.07122087478637695,3,1
14,0.029069900512695312,2,1
15,0.07910919189453125,3,1
15,0.018803119659423828,0,1
15,0.08180475234985352,5,1
15,0.04484391212463379,2,1
15,0.06177520751953125,2,2
15,0.08186221122741699,3,1
15,0.060545921325683594,3,1
15,0.20125317573547363,7,1
15,0.058113813400268555,3,1
15,0.11851906776428223,5,1
15,0.09840679168701172,2,0
15,0.07154726982116699,4,1
15,0.13652610778808594,6,1
15,0.060034990310668945,2,1
15,0.1154019832611084,5,1
15,0.12418174743652344,4,1
15,0.09766721725463867,4,1
15,0.03035902976989746,0,0
15,0.05259871482849121,1,1
15,0.08139896392822266,3,1
15,0.13046598434448242,4,1
15,0.05992317199707031,2,1
15,0.045806169509887695,2,1
15,0.18027615547180176,6,1
15,0.03417801856994629,1,1
15,0.09809207916259766,4,0
15,0.05703902244567871,3,1
15,0.031156063079833984,1,1
15,0.20750880241394043,7,1
15,0.0233461856842041,0,1
16,0.11133122444152832,4,1
16,0.026877880096435547,0,1
16,0.07227206230163574,2,1
16,0.07213616371154785,2,1
16,0.04761385917663574,1,1
16,0.06980276107788086,2,1
16,0.0794217586517334,4,1
16,0.11723709106445312,3,1
16,0.08968615531921387,3,1
16,0.11548805236816406,4,1
16,0.2047410011291504,6,0
16,0.11966204643249512,4,1
16,0.08747434616088867,3,1
16,0.22424769401550293,4,1
16,0.11217498779296875,4,1
16,0.0381770133972168,2,1
16,0.19952678680419922,6,1
16,0.02553582191467285,1,1
16,0.12179183959960938,3,1
16,0.13128972053527832,5,1
16,0.15038299560546875,8,1
16,0.06806802749633789,2,1
16,0.07442808151245117,2,1
16,0.15326595306396484,4,1
16,0.051602840423583984,1,1
16,0.05385589599609375,2,1
16,0.11070418357849121,4,1
16,0.1224219799041748,3,1
16,0.17420697212219238,5,1
16,0.10157418251037598,5,1
17,0.16617393493652344,5,1
17,0.09095287322998047,4,1
17,0.14902973175048828,5,1
17,0.130540132522583,3,1
17,0.2506389617919922,7,1
17,0.04269576072692871,0,1
17,0.05224919319152832,1,1
17,0.05456900596618652,2,1
17,0.12453293800354004,4,1
17,0.13502883911132812,3,1
17,0.1286919116973877,4,1
17,0.09464812278747559,4,1
17,0.09998393058776855,3,1
17,0.060996055603027344,2,2
17,0.060280799865722656,2,4
17,0.10080218315124512,2,1
17,0.09722304344177246,2,1
17,0.16695308685302734,6,1
17,0.09949398040771484,2,1
17,0.1234440803527832,4,1
17,0.10299921035766602,3,1
17,0.24018001556396484,5,1
17,0.3106088638305664,9,1
17,0.07455897331237793,2,1
17,0.16312503814697266,4,1
17,0.08114004135131836,2,1
17,0.09998488426208496,2,1
17,0.08156394958496094,2,1
17,0.16627812385559082,3,2
17,0.18992209434509277,5,1
18,0.282850980758667,7,1
18,0.3034687042236328,8,1
18,0.13712096214294434,4,1
18,0.16066193580627441,5,1
18,0.21391701698303223,5,1
18,0.11360979080200195,5,1
18,0.1817610263824463,3,1
18,0.14628911018371582,3,1
18,0.08781290054321289,2,1
18,0.436553955078125,9,1
18,0.11725378036499023,3,1
18,0.027665138244628906,0,2
18,0.2546842098236084,6,1
18,0.18617987632751465,4,1
18,0.13828110694885254,4,1
18,0.09390497207641602,1,1
18,0.13495707511901855,4,1
18,0.11868906021118164,3,1
18,0.24558281898498535,6,1
18,0.18377304077148438,4,1
18,0.3210639953613281,8,1
18,0.10021233558654785,4,1
18,0.217695951461792,5,1
18,0.19219207763671875,6,1
18,0.2219090461730957,5,1
18,0.35138893127441406,7,1
18,0.1001119613647461,4,1
18,0.07671213150024414,1,1
18,0.11056923866271973,3,1
18,0.10726571083068848,2,1
19,0.09755587577819824,2,2
19,0.5109739303588867,10,1
19,0.2243790626525879,5,2
19,0.1938462257385254,4,1
19,0.123046875,2,1
19,0.1546778678894043,3,1
19,0.3303039073944092,6,1
19,0.28156113624572754,5,1
19,0.26592206954956055,6,1
19,0.12040376663208008,2,1
19,0.15302181243896484,4,1
19,0.20104479789733887,4,1
19,0.17476105690002441,5,1
19,0.23665118217468262,4,1
19,0.20750021934509277,6,1
19,0.18158507347106934,5,1
19,0.23563694953918457,5,2
19,0.3884871006011963,7,1
19,0.1926250457763672,4,1
19,0.15439510345458984,4,1
19,0.12850522994995117,3,1
19,0.11754393577575684,2,1
19,0.12155294418334961,3,3
19,0.12133097648620605,2,1
19,0.12158584594726562,3,1
19,0.511343240737915,8,2
19,0.20854520797729492,6,1
19,0.05340003967285156,1,1
19,0.3407888412475586,8,1
19,0.22937607765197754,5,1
20,0.10467720031738281,2,1
20,0.16566920280456543,4,1
20,0.21539998054504395,3,1
20,0.09485197067260742,1,1
20,0.43985605239868164,6,1
20,0.28934764862060547,6,1
20,0.2924320697784424,6,1
20,0.34752821922302246,10,1
20,0.16378211975097656,6,1
20,0.256152868270874,3,1
20,0.17440390586853027,3,1
20,0.3170897960662842,5,1
20,0.1368720531463623,3,1
20,0.10555529594421387,2,1
20,0.1199798583984375,4,1
20,0.17252612113952637,4,1
20,0.25849318504333496,7,1
20,0.3175790309906006,5,1
20,0.1641080379486084,3,1
20,0.20705795288085938,4,1
20,0.36316704750061035,6,1
20,0.07317018508911133,1,1
20,0.26592087745666504,4,1
20,0.32770299911499023,7,1
20,0.1656796932220459,4,1
20,0.209273099899292,3,1
20,0.13063311576843262,3,1
20,0.20220518112182617,5,1
20,0.2562367916107178,4,1
20,0.3175029754638672,5,1
21,0.18984413146972656,2,1
21,0.36800599098205566,5,1
21,0.15485000610351562,2,1
21,0.24051809310913086,3,1
21,0.3003997802734375,4,1
21,0.24632692337036133,3,1
21,0.24762415885925293,4,1
21,0.2027568817138672,3,1
21,0.722012996673584,9,1
21,0.3544940948486328,5,1
21,0.41971802711486816,6,1
21,0.3043959140777588,7,2
21,0.3401360511779785,6,1
21,0.3824927806854248,7,2
21,0.24265599250793457,4,1
21,0.23849129676818848,4,1
21,0.11980795860290527,2,1
21,0.4672520160675049,9,1
21,0.11728501319885254,2,1
21,0.29906511306762695,4,1
21,0.23087501525878906,2,1
21,0.26229214668273926,6,1
21,0.10843086242675781,1,1
21,0.2268540859222412,5,2
21,0.26038408279418945,6,1
21,0.38689732551574707,7,1
21,0.42491602897644043,8,1
21,0.2391371726989746,4,1
21,0.6496410369873047,8,1
21,0.3614232540130615,5,1
22,0.26413989067077637,4,1
22,0.2580549716949463,3,1
22,0.3149440288543701,4,1
22,0.0741109848022461,1,2
22,0.45592236518859863,5,1
22,0.35636210441589355,6,1
22,0.26099586486816406,4,1
22,0.5259897708892822,6,1
22,0.20916485786437988,3,1
22,0.349776029586792,6,1
22,0.2531099319458008,3,1
22,0.3703498840332031,5,1
22,0.3591177463531494,6,1
22,0.22335410118103027,3,1
22,0.26238489151000977,3,1
22,0.5379147529602051,6,1
22,0.6699831485748291,10,1
22,0.3587808609008789,6,1
22,0.30539512634277344,5,2
22,0.2034008502960205,3,1
22,0.3672618865966797,5,1
22,0.4406089782714844,6,1
22,0.21147513389587402,3,1
22,0.3290731906890869,3,1
22,0.5678751468658447,8,1
22,0.6252620220184326,9,1
22,0.11536002159118652,1,1
22,0.19694995880126953,2,1
22,0.35703086853027344,6,1
22,0.3214762210845947,4,1
23,0.5300717353820801,7,1
23,0.25499892234802246,5,1
23,0.8660848140716553,8,1
23,0.32650017738342285,5,1
23,0.4855496883392334,5,1
23,0.34764885902404785,4,1
23,0.4286630153656006,9,1
23,0.2539341449737549,5,1
23,0.4020860195159912,5,1
23,0.9738647937774658,9,1
23,0.7239670753479004,10,1
23,0.40008091926574707,5,1
23,0.7898619174957275,9,1
23,0.3325979709625244,5,1
23,0.5677609443664551,6,1
23,0.4123680591583252,4,1
23,0.5973548889160156,8,1
23,0.3801271915435791,6,2
23,0.29929399490356445,6,1
23,0.27364420890808105,3,1
23,0.4210078716278076,7,1
23,0.48104381561279297,5,1
23,0.32385897636413574,5,1
23,0.4240391254425049,4,1
23,0.6292862892150879,11,1
23,0.42907094955444336,7,1
23,0.2053210735321045,1,1
23,0.22111296653747559,4,1
23,0.472628116607666,6,1
23,0.8855361938476562,10,1
24,0.6279308795928955,5,1
24,0.1903400421142578,3,1
24,0.8627729415893555,9,2
24,0.5724499225616455,7,1
24,0.5039842128753662,6,1
24,0.784013032913208,10,1
24,0.4041719436645508,6,1
24,1.2822859287261963,10,1
24,0.6835670471191406,7,1
24,0.4492480754852295,7,1
24,0.39573025703430176,6,1
24,0.2957301139831543,3,1
24,0.15856480598449707,1,1
24,0.8481588363647461,9,1
24,0.6031720638275146,6,1
24,0.07639193534851074,0,2
24,0.42671895027160645,5,1
24,0.5040490627288818,6,1
24,0.7550230026245117,8,1
24,0.7612390518188477,8,1
24,0.5088741779327393,5,1
24,0.5180990695953369,5,1
24,0.6765298843383789,7,1
24,0.7912929058074951,10,2
24,0.14339518547058105,3,1
24,0.71195387840271,6,1
24,0.3615591526031494,4,1
24,0.4591069221496582,7,1
24,0.36701512336730957,4,1
24,0.2891051769256592,4,1
25,0.7053918838500977,7,1
25,0.8042209148406982,8,1
25,0.3822929859161377,7,1
25,0.7309651374816895,9,1
25,0.6008450984954834,7,1
25,0.7238759994506836,7,1
25,0.8823182582855225,11,1
25,0.7369279861450195,6,1
25,0.17441987991333008,1,1
25,0.49534010887145996,7,1
25,0.19847702980041504,2,1
25,0.38788604736328125,4,2
25,0.37224483489990234,5,1
25,0.864771842956543,7,1
25,0.3798661231994629,4,1
25,0.5939390659332275,7,1
25,1.3177449703216553,14,2
25,0.7408769130706787,9,1
25,0.8502249717712402,7,1
25,1.180995225906372,10,1
25,0.5960860252380371,7,1
25,0.5402648448944092,5,1
25,0.817479133605957,10,1
25,0.45513129234313965,5,1
25,0.5407710075378418,8,1
25,0.38560009002685547,4,1
25,0.8151931762695312,8,1
25,0.6151459217071533,7,1
25,0.8379812240600586,10,1
25,0.664560079574585,6,1
26,0.3139362335205078,2,1
26,1.3781108856201172,9,1
26,0.7910189628601074,9,3
26,0.87949538230896,8,2
26,0.3389861583709717,4,1
26,0.7732782363891602,11,1
26,0.18334317207336426,1,1
26,0.6647710800170898,9,1
26,1.0578248500823975,10,1
26,0.564763069152832,6,1
26,0.526587963104248,7,1
26,0.5759890079498291,6,1
26,0.549907922744751,6,1
26,0.5810031890869141,5,1
26,0.33173203468322754,3,1
26,1.3339879512786865,13,1
26,0.34003520011901855,3,1
26,0.9795739650726318,9,1
26,1.0702540874481201,10,1
26,0.7281599044799805,10,1
26,0.972567081451416,9,2
26,0.2104487419128418,4,2
26,0.5292439460754395,7,2
26,0.7791101932525635,7,1
26,1.1619291305541992,11,1
26,1.0654308795928955,10,1
26,0.2841300964355469,3,1
26,1.136253833770752,9,1
26,0.8893618583679199,8,1
26,0.7806017398834229,7,1
27,0.708521842956543,7,1
27,1.485131025314331,11,1
27,0.6320688724517822,4,1
27,0.9359540939331055,8,2
27,0.7397270202636719,5,1
27,1.959139108657837,11,1
27,1.0156219005584717,6,1
27,0.9210066795349121,8,2
27,1.5487117767333984,10,1
27,0.6359448432922363,8,1
27,0.4353010654449463,3,1
27,0.3256700038909912,2,1
27,1.8235509395599365,12,1
27,0.8812949657440186,6,1
27,0.8306291103363037,7,1
27,0.6102950572967529,6,1
27,0.6442141532897949,8,1
27,0.49693799018859863,6,1
27,0.9483828544616699,8,1
27,1.6273179054260254,12,1
28,0.39544200897216797,3,1
28,1.5978379249572754,11,1
28,2.0602591037750244,15,1
28,1.4176478385925293,12,1
28,0.3246040344238281,3,1
28,1.6691420078277588,10,1
28,1.6183290481567383,14,1
28,0.3170456886291504,3,1
28,0.36568307876586914,2,1
28,0.7444899082183838,9,1
28,0.7813007831573486,6,1
28,0.5314629077911377,6,1
28,0.6810359954833984,5,1
28,0.5357770919799805,6,1
28,2.3787598609924316,13,1
28,1.2243459224700928,10,2
28,0.3899540901184082,3,1
28,1.2062170505523682,10,1
28,0.6372528076171875,10,1
28,0.6714448928833008,8,1
29,0.5326290130615234,4,2
29,0.9820668697357178,5,1
29,1.1074368953704834,7,1
29,0.42116570472717285,3,1
29,0.8873238563537598,10,1
29,1.677535057067871,11,1
29,1.789595127105713,12,1
29,2.204094886779785,11,1
29,0.6155669689178467,5,1
29,0.8399388790130615,6,1
29,2.073836088180542,12,1
29,0.6127560138702393,4,1
29,0.2841150760650635,2,1
29,1.9412269592285156,13,1
29,1.2942519187927246,10,1
29,0.9060790538787842,8,1
29,0.9403722286224365,7,1
29,0.9843580722808838,9,1
29,1.5391747951507568,10,1
29,0.9691357612609863,6,1
30,1.6999459266662598,9,1
30,1.5961887836456299,10,1
30,1.557157039642334,12,1
30,0.5161318778991699,5,1
30,1.0313358306884766,9,1
30,0.5305531024932861,4,1
30,1.347754955291748,7,1
30,0.7544770240783691,4,1
30,0.4542429447174072,3,2
30,2.2963368892669678,18,1
30,1.1114377975463867,8,1
30,0.5239112377166748,3,1
30,2.7081363201141357,13,1
30,0.6902599334716797,7,4
30,1.604647159576416,10,1
30,0.6370298862457275,4,1
30,0.7592809200286865,5,1
30,0.3672800064086914,3,1
30,1.8325958251953125,10,1
30,1.467923879623413,11,1
31,1.1656866073608398,8,1
31,0.3225400447845459,3,4
31,1.409193992614746,7,1
31,0.9781639575958252,5,3
31,0.5708699226379395,3,1
31,0.6833310127258301,5,1
31,2.026531934738159,12,1
31,1.189791202545166,8,1
31,1.9664771556854248,12,1
31,1.0565578937530518,11,1
31,1.1576640605926514,12,2
31,2.5709822177886963,16,1
31,2.255246877670288,10,1
31,1.046133041381836,7,1
31,1.9991750717163086,12,1
31,0.5540831089019775,5,2
31,0.8085618019104004,8,1
31,1.7926547527313232,13,1
31,2.1360061168670654,11,1
31,0.6858413219451904,4,1
32,0.9315981864929199,5,1
32,0.8988091945648193,5,1
32,0.5597450733184814,2,1
32,1.7419281005859375,9,1
32,1.8896970748901367,10,1
32,0.6493978500366211,4,3
32,2.7558977603912354,15,1
32,1.58162522315979,8,1
32,2.212589740753174,10,1
32,1.4255871772766113,6,1
32,0.4278850555419922,4,1
32,1.810966968536377,8,1
32,2.007503032684326,9,1
32,1.4201231002807617,7,1
32,0.92529296875,5,1
32,0.7645399570465088,4,1
32,1.3230562210083008,8,1
32,2.196146011352539,10,1
32,2.081851005554199,11,1
32,2.738755226135254,15,1
33,0.4145216941833496,2,1
33,1.461277961730957,9,1
33,1.0536420345306396,4,1
33,2.731037139892578,11,1
33,1.368591070175171,7,1
33,2.6841487884521484,11,1
33,0.44292616844177246,3,1
33,2.22444486618042,12,1
33,1.547912836074829,8,1
33,0.7581911087036133,5,3
33,1.2266743183135986,7,1
33,2.745483875274658,11,1
33,1.7179362773895264,9,1
33,1.3933038711547852,7,1
33,1.4449951648712158,9,1
33,1.4336318969726562,9,1
33,2.536073923110962,14,2
33,3.029750108718872,17,1
33,2.0614140033721924,8,1
33,1.4644579887390137,11,1
34,1.8677549362182617,11,1
34,1.0888831615447998,6,1
34,1.510019063949585,6,1
34,1.4703078269958496,6,1
34,2.854692220687866,15,1
34,1.6209931373596191,8,1
34,1.6645171642303467,8,1
34,2.3141911029815674,10,1
34,1.6435542106628418,8,1
34,1.541895866394043,9,1
34,1.4747998714447021,7,2
34,2.397831916809082,9,1
34,2.4216690063476562,8,1
34,3.562297821044922,14,1
34,2.4855451583862305,11,1
34,2.3494579792022705,12,1
34,1.877601146697998,8,1
34,2.177499771118164,11,1
34,1.827625036239624,11,1
34,1.1243808269500732,6,1
35,2.8744137287139893,12,1
35,0.658836841583252,2,1
35,2.5446979999542236,12,1
35,1.812788963317871,7,1
35,2.887972116470337,12,1
35,1.7962150573730469,10,2
35,1.171436071395874,6,1
35,3.033475160598755,11,1
35,1.9964768886566162,8,1
35,1.5026299953460693,8,1
35,1.9138169288635254,9,1
35,2.1131629943847656,10,1
35,1.4967620372772217,8,1
35,5.20560097694397,20,1
35,2.6648876667022705,11,2
35,3.957447052001953,17,2
35,2.1070358753204346,12,2
35,1.5671441555023193,7,1
35,3.053852081298828,15,1
35,1.2391791343688965,8,1
36,2.051988124847412,8,1
36,4.37137508392334,16,1
36,1.6879286766052246,9,2
36,1.5650830268859863,8,1
36,1.9958856105804443,9,1
36,3.6883699893951416,13,1
36,5.214946985244751,15,1
36,5.010540723800659,21,1
36,1.856328010559082,12,1
36,4.367655277252197,16,1
36,1.0274770259857178,6,2
36,1.7193281650543213,9,1
36,2.527498960494995,14,1
36,2.3839309215545654,11,1
36,2.1781461238861084,10,1
36,2.5738041400909424,12,1
36,2.197890043258667,10,1
36,4.860690116882324,15,1
36,0.8967559337615967,5,1
36,3.1866369247436523,11,1
37,3.1756861209869385,12,2
37,1.1255266666412354,4,1
37,2.3252999782562256,8,1
37,2.668527126312256,11,1
37,2.004633903503418,8,2
37,1.4008407592773438,5,1
37,3.83428692817688,11,1
37,4.313431024551392,17,2
37,1.9553840160369873,7,1
37,1.9854791164398193,10,1
37,1.5222351551055908,6,1
37,1.5914208889007568,5,1
37,2.076969861984253,10,1
37,3.2540688514709473,12,1
37,2.023554801940918,8,1
37,1.9179770946502686,8,1
37,2.0546200275421143,9,1
37,1.2308869361877441,5,1
37,1.5974700450897217,7,2
37,1.4844679832458496,5,1
38,4.268874883651733,19,1
38,3.6052792072296143,15,2
38,5.227581024169922,15,1
38,4.31572699546814,16,1
38,1.6807429790496826,5,1
38,3.6989598274230957,10,1
38,2.2331340312957764,11,1
38,5.235044717788696,15,1
38,3.1002721786499023,11,1
38,2.181029796600342,9,1
38,3.4454128742218018,11,1
38,3.1998531818389893,10,1
38,3.2901551723480225,14,1
38,3.65907883644104,16,2
38,2.79736590385437,10,1
38,3.585458993911743,13,1
38,4.795777082443237,14,1
38,6.482377052307129,17,1
38,3.772024154663086,14,2
38,2.309825897216797,8,1
39,2.975266933441162,10,1
39,2.0067689418792725,11,1
39,2.9610321521759033,14,1
39,3.7323131561279297,13,1
39,2.7280659675598145,8,1
39,2.969547986984253,12,2
39,3.997103691101074,16,1
39,3.1262969970703125,12,1
39,6.508846044540405,20,1
39,2.0239737033843994,9,4
39,1.3266968727111816,5,1
39,3.072409152984619,10,1
39,6.015108823776245,16,3
39,3.0621180534362793,12,2
39,1.486989974975586,6,1
39,4.172087907791138,14,1
39,2.8971540927886963,8,1
39,5.037570953369141,15,3
39,5.741036891937256,15,1
39,1.76646089553833,5,2
40,6.05413293838501,20,1
40,2.7089548110961914,7,1
40,2.718785047531128,7,1
40,8.199351072311401,21,1
40,3.7459888458251953,14,1
40,3.491595983505249,11,2
40,7.521422863006592,17,1
40,3.2046468257904053,10,1
40,4.478240013122559,11,1
40,7.03498101234436,14,1
40,2.2098989486694336,9,3
40,4.085808992385864,18,1
40,4.5416419506073,11,1
40,3.036130905151367,13,1
40,5.268422365188599,13,1
40,2.7092909812927246,6,1
40,1.2881178855895996,3,1
40,5.189284086227417,20,1
40,3.8525490760803223,17,1
40,3.0840377807617188,11,1
41,3.4215149879455566,13,1
41,3.665949821472168,9,1
41,3.301807165145874,9,1
41,2.3675360679626465,10,1
41,6.479651212692261,15,1
41,1.3332891464233398,4,1
41,4.549728870391846,13,1
41,2.533282995223999,9,2
41,5.734838247299194,13,1
41,4.386020183563232,11,1
42,1.3554039001464844,3,1
42,2.756293296813965,7,2
42,1.888274908065796,6,2
42,2.9957339763641357,9,1
42,7.508650779724121,19,1
42,3.4376487731933594,9,1
42,6.847617864608765,17,1
42,6.766381740570068,15,1
42,3.394789218902588,12,2
42,3.479557991027832,9,1
43,2.7579410076141357,9,2
43,6.699063062667847,14,1
43,4.0929577350616455,12,2
43,3.1506187915802,9,1
43,4.28732705116272,11,1
43,6.638042688369751,18,1
43,3.174884796142578,9,1
43,3.028839111328125,10,1
43,7.2357611656188965,17,1
43,4.6862099170684814,14,2
44,2.960998773574829,8,1
44,4.385149955749512,11,1
44,3.7818710803985596,7,1
44,8.238976001739502,19,1
44,3.3633620738983154,8,1
44,7.768826961517334,18,1
44,6.165715217590332,14,1
44,3.372041940689087,11,1
44,5.455347061157227,16,2
44,2.5679421424865723,8,1
45,11.527456998825073,26,1
45,2.388805866241455,5,1
45,6.4468910694122314,14,1
45,6.888132095336914,15,1
45,4.073429822921753,11,1
45,3.562314033508301,8,1
45,3.756843090057373,10,4
45,5.697932958602905,14,3
45,5.556402206420898,12,1
45,3.0280778408050537,11,2
46,4.149788856506348,12,2
46,7.312713861465454,13,1
46,3.2215311527252197,9,1
46,11.35452914237976,17,1
46,3.247509002685547,9,1
46,9.010329723358154,21,1
46,12.54325819015503,21,1
46,5.424467086791992,14,1
46,5.13863205909729,13,1
46,6.053573846817017,12,1
47,3.864483118057251,7,1
47,4.2172369956970215,12,2
47,7.393387794494629,15,1
47,7.484791040420532,15,1
47,7.857009172439575,18,1
47,6.511829853057861,13,2
47,7.091647148132324,14,1
47,2.7030999660491943,6,1
47,8.876515865325928,18,2
47,9.438622951507568,22,2
48,8.134335994720459,16,1
48,6.425243854522705,16,1
48,4.3426079750061035,10,2
48,10.996822834014893,17,1
48,4.182060956954956,11,2
48,4.76793909072876,13,2
48,8.118236780166626,20,1
48,8.05962610244751,12,1
48,6.192643880844116,13,1
48,4.114220857620239,7,1
49,12.04399585723877,26,1
49,6.709787130355835,16,1
49,4.176176071166992,9,2
49,9.733218669891357,16,1
49,12.133073091506958,23,1
49,12.38800597190857,19,1
49,8.568726062774658,16,1
49,5.145581245422363,16,2
49,5.759037017822266,9,1
49,4.475656032562256,10,1
50,7.456908941268921,17,1
50,13.536659955978394,20,1
50,5.013671875,11,1
50,8.193193912506104,19,2
50,16.817589044570923,19,1
50,6.6085381507873535,13,4
50,8.784232139587402,14,3
50,13.609046936035156,20,1
50,4.287752866744995,9,6
50,9.32536005973816,19,2
51,7.5616302490234375,13,1
51,5.023058176040649,8,1
51,9.576506853103638,15,1
51,5.483941078186035,12,1
51,6.773135185241699,15,1
52,16.295430898666382,23,1
52,12.320780992507935,17,1
52,10.728616952896118,21,2
52,12.981897830963135,18,1
52,12.252261877059937,19,2
53,14.950637102127075,25,1
53,10.397351026535034,17,1
53,9.684644222259521,14,1
53,9.908241987228394,16,1
53,12.953761577606201,17,1
54,9.443033933639526,15,1
54,12.380269050598145,16,1
54,6.002840757369995,10,1
54,12.072380065917969,14,1
54,11.699914932250977,17,2
55,20.04412317276001,29,1
55,9.265366792678833,10,2
55,4.035719156265259,5,2
55,14.835426092147827,21,2
55,8.065083026885986,12,1
56,13.748678207397461,20,10
56,16.775390148162842,28,1
56,15.500904321670532,18,1
56,20.307706832885742,24,1
56,13.193328857421875,15,3
57,12.2502760887146,14,1
57,20.017229080200195,27,3
57,11.450149059295654,13,1
57,12.925814867019653,15,1
57,13.101844072341919,17,1
58,14.759799003601074,21,1
58,5.348805665969849,12,1
58,5.0018150806427,11,1
58,18.741744995117188,27,1
58,13.591675758361816,17,1
59,22.503945112228394,21,1
59,17.140931129455566,21,1
59,23.34642195701599,26,3
59,27.05559778213501,28,3
59,7.845769882202148,15,1
60,36.88347816467285,31,1
60,14.31535816192627,15,1
60,14.925134897232056,18,1
60,18.296162843704224,22,2
60,23.271687030792236,21,1
61,10.742617130279541,13,1
61,7.55818510055542,10,1
61,19.37797999382019,18,1
61,26.27268886566162,25,1
61,11.48930311203003,14,2
62,16.800736904144287,19,1
62,24.384398221969604,19,1
62,13.090421915054321,16,1
62,21.39118480682373,22,2
62,33.15668988227844,26,1
63,20.22717785835266,20,1
63,6.051579236984253,7,2
63,29.22496485710144,27,2
63,23.403829097747803,21,2
63,20.04771590232849,20,1
64,53.514764070510864,39,2
64,19.599303245544434,18,1
64,17.641393899917603,20,2
64,20.735899925231934,19,2
64,22.69369602203369,19,2
65,18.621952772140503,17,2
65,39.22144603729248,34,1
65,23.932633876800537,20,2
65,16.558872938156128,21,1
65,24.91764807701111,19,1
66,19.148345232009888,19,1
66,33.26539993286133,28,2
66,33.754449129104614,26,1
66,19.13249182701111,19,1
66,26.79906988143921,22,1
67,37.483262062072754,28,2
67,19.64820694923401,19,2
67,28.10064697265625,25,1
67,37.987548828125,29,2
67,23.651559829711914,26,2
68,12.500489950180054,14,2
68,17.48848295211792,18,3
68,30.361297369003296,24,1
68,38.70589303970337,34,1
68,37.48753094673157,27,1
69,29.516904830932617,25,2
69,51.38539695739746,32,1
69,36.501882791519165,24,1
69,39.46104598045349,28,1
69,34.64665603637695,27,2
70,20.34843420982361,18,1
70,10.255527973175049,8,2
70,40.174140214920044,28,1
70,23.62236499786377,19,3
70,22.88255476951599,15,1
71,27.333101749420166,23,1
71,54.50339198112488,28,1
71,46.25648307800293,28,2
71,28.84398317337036,22,1
71,33.06512498855591,21,1
72,35.21846294403076,25,1
72,11.434144020080566,11,1
72,48.72555327415466,27,1
72,19.64972496032715,18,1
72,58.63803482055664,36,1
73,46.62392711639404,30,4
73,20.898383855819702,17,2
73,28.988267183303833,18,1
73,50.34179377555847,33,2
73,56.78052091598511,29,2
74,29.634159088134766,22,1
74,45.135494232177734,28,1
74,47.738077878952026,30,2
74,48.984219789505005,28,1
74,31.723935842514038,21,1
75,39.46735715866089,24,1
75,29.298556089401245,21,4
75,24.74709677696228,22,2
75,80.65757703781128,37,1
75,25.4604971408844,18,2
76,21.500396728515625,18,1
76,46.74788808822632,23,1
76,47.27929496765137,26,1
76,54.96508312225342,26,2
76,55.065078020095825,28,1
77,31.05636215209961,17,1
77,36.8898549079895,25,3
77,40.8364737033844,23,2
77,30.316387176513672,20,3
77,58.73612117767334,31,2
78,44.56142210960388,25,2
78,41.10500121116638,23,3
78,63.014933824539185,28,1
78,46.741430044174194,26,1
78,31.621313095092773,17,10
79,97.89189720153809,40,1
79,30.483872890472412,19,1
79,63.658199071884155,32,1
79,54.60771298408508,25,1
79,41.06608271598816,18,4
80,56.84857487678528,28,1
80,57.77693796157837,31,2
80,83.20169496536255,36,2
80,66.50072479248047,33,2
80,69.01416897773743,27,2
80,61.63815093040466,24,1
80,53.01844906806946,28,4
80,56.66725826263428,26,3
80,72.22339701652527,27,1
80,25.910560846328735,13,1
81,47.46188402175903,25,3
81,42.18984293937683,22,1
81,73.02045583724976,36,1
81,40.250638008117676,19,6
81,32.40092968940735,22,4
82,70.77944588661194,37,1
82,67.437655210495,32,2
82,76.58570694923401,29,1
82,53.281205892562866,25,1
82,22.62648892402649,14,2
83,79.08384585380554,32,1
83,64.48436903953552,22,2
83,56.782886266708374,24,1
83,33.70554184913635,16,5
83,82.42433404922485,36,1
84,66.35353231430054,24,2
84,44.62563681602478,26,1
84,49.53836703300476,33,2
84,55.172857999801636,34,10
84,48.58129405975342,22,1
85,45.69234490394592,21,1
85,85.82783102989197,38,2
85,40.93261694908142,20,2
85,67.04857778549194,31,1
85,70.82522916793823,36,1
86,85.04207706451416,41,1
86,77.61033511161804,29,2
86,70.99840307235718,31,2
86,57.85098195075989,27,1
86,64.58847117424011,24,1
87,91.46418833732605,36,2
87,99.76135921478271,32,2
87,61.838733196258545,24,1
87,79.93140316009521,27,1
87,59.5128071308136,30,1
88,79.46110582351685,29,1
88,56.44053888320923,23,1
88,47.63295102119446,19,1
88,48.385512828826904,18,1
88,47.81832194328308,23,1
89,116.65850710868835,36,1
89,67.76952910423279,27,1
89,65.11982011795044,26,2
89,85.63131308555603,35,1
89,89.54307889938354,27,2
90,154.8547718524933,42,2
90,89.03559970855713,31,1
90,60.64303016662598,31,1
90,38.336121797561646,19,4
90,73.96908020973206,27,1
100,139.08420705795288,37,1
100,129.15442037582397,35,1
1,0.0001709461212158203,0,0
1,0.00010609626770019531,0,0
1,0.000102996826171875,0,0
1,0.0001010894775390625,0,0
1,0.00010085105895996094,0,0
1,0.00010013580322265625,0,0
1,9.989738464355469e-05,0,0
1,0.00010013580322265625,0,0
1,9.989738464355469e-05,0,0
1,0.00010013580322265625,0,0
1,0.00010013580322265625,0,0
1,0.00010085105895996094,0,0
1,0.00010013580322265625,0,0
1,0.00010228157043457031,0,0
1,0.00010085105895996094,0,0
1,0.00011420249938964844,0,0
1,9.989738464355469e-05,0,0
1,9.918212890625e-05,0,0
1,9.894371032714844e-05,0,0
1,0.00010585784912109375,0,0
1,9.584426879882812e-05,0,0
1,9.512901306152344e-05,0,0
1,9.417533874511719e-05,0,0
1,9.393692016601562e-05,0,0
1,9.393692016601562e-05,0,0
1,9.489059448242188e-05,0,0
1,9.608268737792969e-05,0,0
1,9.512901306152344e-05,0,0
1,9.393692016601562e-05,0,0
1,9.512901306152344e-05,0,0
1,9.489059448242188e-05,0,0
1,9.584426879882812e-05,0,0
1,9.512901306152344e-05,0,0
1,9.489059448242188e-05,0,0
1,9.393692016601562e-05,0,0
1,9.608268737792969e-05,0,0
1,9.512901306152344e-05,0,0
1,9.489059448242188e-05,0,0
1,9.417533874511719e-05,0,0
1,9.489059448242188e-05,0,0
1,9.918212890625e-05,0,0
1,9.918212890625e-05,0,0
1,9.489059448242188e-05,0,0
1,9.584426879882812e-05,0,0
1,9.608268737792969e-05,0,0
1,0.00010180473327636719,0,0
1,9.584426879882812e-05,0,0
1,9.489059448242188e-05,0,0
1,9.489059448242188e-05,0,0
1,9.489059448242188e-05,0,0
2,0.0002460479736328125,0,0
2,0.00016999244689941406,0,0
2,0.00016689300537109375,0,0
2,0.0007889270782470703,0,0
2,0.00016689300537109375,0,0
2,0.0001678466796875,0,0
2,0.0001652240753173828,0,0
2,0.0001647472381591797,0,0
2,0.00016617774963378906,0,0
2,0.00016617774963378906,0,0
2,0.0001659393310546875,0,0
2,0.000164031982421875,0,0
2,0.00016498565673828125,0,0
2,0.000164031982421875,0,0
2,0.00016307830810546875,0,0
2,0.0001647472381591797,0,0
2,0.00016689300537109375,0,0
2,0.00016617774963378906,0,0
2,0.00016498565673828125,0,0
2,0.000164031982421875,0,0
2,0.00016379356384277344,0,0
2,0.0001659393310546875,0,0
2,0.00016307830810546875,0,0
2,0.0001652240753173828,0,0
2,0.0001652240753173828,0,0
2,0.0006320476531982422,0,0
2,0.0003180503845214844,0,0
2,0.00016880035400390625,0,0
2,0.00016570091247558594,0,0
2,0.00016570091247558594,0,0
2,0.0012960433959960938,0,0
2,0.00025582313537597656,0,0
2,0.00017070770263671875,0,0
2,0.00016832351684570312,0,0
2,0.0001647472381591797,0,0
2,0.00016689300537109375,0,0
2,0.0001652240753173828,0,0
2,0.00016498565673828125,0,0
2,0.0001652240753173828,0,0
2,0.00016498565673828125,0,0
2,0.0001647472381591797,0,0
2,0.00016427040100097656,0,0
2,0.0001747608184814453,0,0
2,0.0001671314239501953,0,0
2,0.00016498565673828125,0,0
2,0.00016498565673828125,0,0
2,0.00017023086547851562,0,0
2,0.007384061813354492,0,0
2,0.028077125549316406,0,0
2,0.0002002716064453125,0,0
3,0.0005238056182861328,0,1
3,0.0004553794860839844,0,1
3,0.0008137226104736328,0,0
3,0.0005638599395751953,0,0
3,0.0003180503845214844,0,0
3,0.0003151893615722656,0,0
3,0.0013129711151123047,0,1
3,0.002357959747314453,0,1
3,0.0006201267242431641,0,1
3,0.00032401084899902344,0,0
3,0.0003190040588378906,0,0
3,0.0010962486267089844,1,0
3,0.0003352165222167969,0,0
3,0.0003178119659423828,0,0
3,0.0003180503845214844,0,0
3,0.0003151893615722656,0,0
3,0.0005588531494140625,0,0
3,0.0003211498260498047,0,0
3,0.0003159046173095703,0,0
3,0.0003142356872558594,0,0
3,0.0003159046173095703,0,0
3,0.0010561943054199219,0,0
3,0.0006060600280761719,0,0
3,0.0005629062652587891,0,0
3,0.0005757808685302734,0,0
3,0.00042700767517089844,0,1
3,0.0005581378936767578,0,0
3,0.0004260540008544922,0,1
3,0.0012471675872802734,0,0
3,0.00043892860412597656,0,1
3,0.0004222393035888672,0,1
3,0.0003190040588378906,0,0
3,0.0005588531494140625,0,0
3,0.0005550384521484375,0,0
3,0.0003199577331542969,0,0
3,0.0006198883056640625,0,1
3,0.0005707740783691406,0,0
3,0.0005660057067871094,0,0
3,0.0005660057067871094,0,0
3,0.00043082237243652344,0,1
3,0.0010180473327636719,0,0
3,0.0008378028869628906,0,0
3,0.00035881996154785156,0,0
3,0.0006630420684814453,0,0
3,0.0003268718719482422,0,0
3,0.00047206878662109375,0,0
3,0.00032782554626464844,0,0
3,0.0005648136138916016,0,0
3,0.0003247261047363281,0,0
3,0.0005509853363037109,0,0
4,0.0015561580657958984,1,1
4,0.0006792545318603516,0,1
4,0.0008189678192138672,0,0
4,0.0005099773406982422,0,0
4,0.0008141994476318359,0,0
4,0.0006747245788574219,0,1
4,0.003477811813354492,1,0
4,0.001447916030883789,1,0
4,0.002340078353881836,2,1
4,0.0006892681121826172,0,1
4,0.000762939453125,0,1
4,0.0017290115356445312,0,0
4,0.0010271072387695312,0,0
4,0.0007560253143310547,0,1
4,0.0010139942169189453,0,0
4,0.0019822120666503906,2,0
4,0.0013260841369628906,0,0
4,0.0018968582153320312,0,1
4,0.0006949901580810547,0,1
4,0.002283811569213867,1,0
4,0.0021638870239257812,1,1
4,0.0006978511810302734,0,1
4,0.0010080337524414062,0,1
4,0.0006771087646484375,0,1
4,0.006224870681762695,0,1
4,0.0005371570587158203,0,0
4,0.0008170604705810547,0,0
4,0.0010759830474853516,0,0
4,0.0018570423126220703,2,0
4,0.006732940673828125,0,0
4,0.0009169578552246094,0,0
4,0.00086212158203125,0,0
4,0.0006840229034423828,0,1
4,0.0008111000061035156,0,0
4,0.0006690025329589844,0,1
4,0.0050868988037109375,0,0
4,0.0006799697875976562,0,1
4,0.0008080005645751953,0,0
4,0.0013570785522460938,1,0
4,0.0014832019805908203,1,1
4,0.0015017986297607422,0,0
4,0.0008690357208251953,0,0
4,0.002268075942993164,0,1
4,0.0017290115356445312,0,0
4,0.0008981227874755859,0,0
4,0.0019271373748779297,0,1
4,0.005912065505981445,2,1
4,0.0015277862548828125,1,1
4,0.001374959945678711,1,0
4,0.0006792545318603516,0,1
5,0.0013539791107177734,0,0
5,0.001895904541015625,0,0
5,0.0047359466552734375,0,1
5,0.010369062423706055,1,1
5,0.0012011528015136719,0,0
5,0.025096416473388672,0,1
5,0.0019268989562988281,1,0
5,0.000982046127319336,0,1
5,0.0024840831756591797,1,0
5,0.002164125442504883,1,0
5,0.0035037994384765625,2,1
5,0.004492044448852539,0,1
5,0.0034797191619873047,1,0
5,0.0009920597076416016,0,1
5,0.004205226898193359,1,1
5,0.0011987686157226562,0,0
5,0.0027239322662353516,1,1
5,0.0012018680572509766,0,0
5,0.0014710426330566406,0,1
5,0.001995086669921875,1,1
5,0.0011830329895019531,0,0
5,0.0025222301483154297,2,0
5,0.002665996551513672,1,1
5,0.005589962005615234,1,0
5,0.001341104507446289,0,0
5,0.0023200511932373047,1,0
5,0.005487680435180664,2,1
5,0.0013799667358398438,0,1
5,0.0014140605926513672,0,1
5,0.00098419189453125,0,1
5,0.0019240379333496094,0,0
5,0.0012857913970947266,0,0
5,0.0010399818420410156,0,1
5,0.0010671615600585938,0,1
5,0.0012700557708740234,0,0
5,0.0013172626495361328,0,1
5,0.0019919872283935547,1,1
5,0.0021517276763916016,1,1
5,0.0037539005279541016,1,0
5,0.0015339851379394531,0,1
5,0.0014967918395996094,0,1
5,0.0021028518676757812,0,1
5,0.0012049674987792969,0,0
5,0.0028541088104248047,2,0
5,0.0036993026733398438,0,0
5,0.0022401809692382812,0,1
5,0.0014519691467285156,0,1
5,0.0012378692626953125,0,0
5,0.002131938934326172,1,1
5,0.0018990039825439453,0,0
6,0.004231929779052734,2,1
6,0.005381107330322266,2,0
6,0.00632786750793457,1,0
6,0.0014781951904296875,0,1
6,0.002802133560180664,1,1
6,0.001650094985961914,0,0
6,0.003512144088745117,1,1
6,0.0048389434814453125,1,1
6,0.011117219924926758,3,0
6,0.0027441978454589844,1,0
6,0.002552032470703125,0,0
6,0.006265878677368164,1,1
6,0.002596139907836914,1,0
6,0.0028269290924072266,0,0
6,0.0044133663177490234,1,0
6,0.001590728759765625,0,0
6,0.005101203918457031,1,1
6,0.003086090087890625,1,1
6,0.010735034942626953,3,0
6,0.002638101577758789,0,0
6,0.0016219615936279297,0,0
6,0.0066432952880859375,2,0
6,0.002132892608642578,0,1
6,0.002956867218017578,1,1
6,0.0028977394104003906,1,1
6,0.00524592399597168,1,1
6,0.0026960372924804688,1,0
6,0.0025060176849365234,0,0
6,0.003092050552368164,1,1
6,0.0063588619232177734,2,0
6,0.003979921340942383,1,1
6,0.00393986701965332,1,1
6,0.005897045135498047,1,0
6,0.0022020339965820312,0,1
6,0.0019659996032714844,0,1
6,0.0031752586364746094,1,1
6,0.004446268081665039,1,0
6,0.0024709701538085938,0,0
6,0.004606962203979492,1,0
6,0.00878000259399414,3,1
6,0.0030317306518554688,1,1
6,0.0013811588287353516,0,1
6,0.0025348663330078125,0,0
6,0.001783132553100586,0,1
6,0.0027840137481689453,0,0
6,0.0036058425903320312,2,1
6,0.002702951431274414,1,1
6,0.0018019676208496094,0,1
6,0.004235982894897461,2,0
6,0.0022420883178710938,0,1
7,0.0018551349639892578,0,1
7,0.004895925521850586,2,1
7,0.01235198974609375,4,1
7,0.004441976547241211,2,0
7,0.00812220573425293,2,0
7,0.006556034088134766,1,0
7,0.0050351619720458984,1,1
7,0.004698038101196289,0,0
7,0.0027539730072021484,0,1
7,0.0033516883850097656,0,0
7,0.003632068634033203,1,1
7,0.0023708343505859375,0,1
7,0.0027348995208740234,0,1
7,0.002412080764770508,0,1
7,0.008993148803710938,2,1
7,0.011100292205810547,3,0
7,0.00481414794921875,0,0
7,0.004268169403076172,1,0
7,0.004689931869506836,2,1
7,0.008456945419311523,1,1
7,0.012368917465209961,3,1
7,0.0035080909729003906,1,1
7,0.003268003463745117,1,0
7,0.0023839473724365234,0,1
7,0.004889249801635742,0,0
7,0.0028510093688964844,0,0
7,0.009356021881103516,2,1
7,0.005357027053833008,2,1
7,0.005594730377197266,1,0
7,0.002105236053466797,0,0
7,0.006033897399902344,1,1
7,0.0062656402587890625,1,1
7,0.006097078323364258,1,1
7,0.006119966506958008,1,1
7,0.0071561336517333984,1,0
7,0.0037288665771484375,1,1
7,0.0050199031829833984,0,1
7,0.01777195930480957,2,0
7,0.0061740875244140625,1,1
7,0.006448268890380859,2,1
7,0.003895998001098633,1,1
7,0.003847837448120117,1,1
7,0.004917144775390625,0,1
7,0.009875059127807617,2,1
7,0.01788330078125,2,1
7,0.007802248001098633,1,1
7,0.002900838851928711,0,1
7,0.0033769607543945312,0,0
7,0.00439000129699707,2,0
7,0.0035161972045898438,1,1
8,0.020103931427001953,5,0
8,0.00416111946105957,0,1
8,0.015147209167480469,1,1
8,0.0031359195709228516,0,1
8,0.00738215446472168,1,1
8,0.004327058792114258,0,1
8,0.0191500186920166,3,1
8,0.008200883865356445,1,0
8,0.004396915435791016,0,0
8,0.008003711700439453,1,1
8,0.01778888702392578,2,1
8,0.012496232986450195,2,0
8,0.0058269500732421875,0,1
8,0.0051670074462890625,1,1
8,0.005039691925048828,0,1
8,0.0032529830932617188,0,1
8,0.0023870468139648438,0,1
8,0.015753984451293945,2,1
8,0.010030031204223633,2,0
8,0.004321098327636719,0,1
8,0.01644730567932129,2,1
8,0.004431009292602539,0,1
8,0.012263059616088867,2,1
8,0.0051839351654052734,0,1
8,0.011775016784667969,2,1
8,0.004377126693725586,0,1
8,0.004372835159301758,0,1
8,0.004565000534057617,0,0
8,0.007815837860107422,1,1
8,0.004308938980102539,0,1
8,0.010895252227783203,1,1
8,0.010879993438720703,2,1
8,0.007446765899658203,1,1
8,0.00410008430480957,0,0
8,0.016975879669189453,3,1
8,0.006202220916748047,0,1
8,0.008316278457641602,1,1
8,0.010243892669677734,2,0
8,0.007460117340087891,2,1
8,0.0076830387115478516,1,1
8,0.008059263229370117,1,1
8,0.005089759826660156,0,1
8,0.016168832778930664,2,1
8,0.014284133911132812,2,1
8,0.006429910659790039,0,1
8,0.0047910213470458984,1,1
8,0.008031129837036133,1,1
8,0.007250070571899414,1,1
8,0.01009678840637207,3,1
8,0.01544189453125,3,1
9,0.013753890991210938,1,1
9,0.00930929183959961,1,1
9,0.03850865364074707,1,1
9,0.018964052200317383,2,1
9,0.010734081268310547,1,0
9,0.019644737243652344,1,0
9,0.005846977233886719,0,1
9,0.0052471160888671875,0,1
9,0.008726835250854492,1,1
9,0.005509138107299805,0,1
9,0.005244016647338867,0,1
9,0.01731705665588379,1,1
9,0.009881734848022461,1,1
9,0.01779627799987793,1,0
9,0.00963902473449707,0,1
9,0.007174968719482422,1,1
9,0.01780986785888672,2,1
9,0.009674072265625,0,1
9,0.005772829055786133,0,1
9,0.009205102920532227,1,1
9,0.02058696746826172,2,1
9,0.01077890396118164,1,0
9,0.016597986221313477,3,1
9,0.009349822998046875,1,1
9,0.011145830154418945,1,1
9,0.0203249454498291,4,1
9,0.02347588539123535,2,1
9,0.054431915283203125,1,1
9,0.005645036697387695,0,0
9,0.029111862182617188,3,1
9,0.009671926498413086,1,1
9,0.00925898551940918,0,1
9,0.005377054214477539,0,1
9,0.00943303108215332,1,1
9,0.01673603057861328,0,1
9,0.005506753921508789,0,1
9,0.01407623291015625,2,1
9,0.04457688331604004,4,0
9,0.012531042098999023,2,0
9,0.01247715950012207,2,1
9,0.01457071304321289,1,0
9,0.008828163146972656,1,1
9,0.009620904922485352,1,1
9,0.016208887100219727,3,1
9,0.0228269100189209,5,0
9,0.017284870147705078,3,1
9,0.03133201599121094,4,1
9,0.012395143508911133,2,1
9,0.01602315902709961,3,1
9,0.009292125701904297,1,1
10,0.013122797012329102,1,1
10,0.019256114959716797,1,1
10,0.015469074249267578,2,1
10,0.015777111053466797,1,1
10,0.023289203643798828,3,1
10,0.012135028839111328,1,1
10,0.009104013442993164,0,0
10,0.03133225440979004,3,1
10,0.0417330265045166,4,1
10,0.0311281681060791,2,1
10,0.016764163970947266,1,1
10,0.018390178680419922,1,1
10,0.02318596839904785,2,0
10,0.020379066467285156,1,1
10,0.03752398490905762,4,0
10,0.015402078628540039,1,1
10,0.03281903266906738,2,1
10,0.030566930770874023,3,1
10,0.011182069778442383,1,1
10,0.006722688674926758,0,1
10,0.02548694610595703,2,1
10,0.018758773803710938,2,1
10,0.015877723693847656,2,1
10,0.008784055709838867,0,1
10,0.009278059005737305,1,1
10,0.026722192764282227,2,1
10,0.03537297248840332,3,1
10,0.03176712989807129,3,1
10,0.006647825241088867,0,1
10,0.011112213134765625,1,1
10,0.012319087982177734,1,1
10,0.016828060150146484,2,1
10,0.026983976364135742,2,1
10,0.013290882110595703,1,0
10,0.03195500373840332,1,1
10,0.02941584587097168,3,1
10,0.019043922424316406,2,1
10,0.008769035339355469,0,1
10,0.025469064712524414,2,1
10,0.009639978408813477,0,1
10,0.015292167663574219,2,1
10,0.006912708282470703,0,1
10,0.04311394691467285,2,1
10,0.03085803985595703,3,1
10,0.01457524299621582,2,0
10,0.015598773956298828,1,1
10,0.04539012908935547,4,0
10,0.021253108978271484,3,1
10,0.006671905517578125,0,1
10,0.03136777877807617,3,1
11,0.025277376174926758,1,1
11,0.043050289154052734,1,1
11,0.058596134185791016,4,1
11,0.02176189422607422,2,1
11,0.05546975135803223,3,1
11,0.028423786163330078,2,1
11,0.014747142791748047,1,1
11,0.06221723556518555,4,1
11,0.005545854568481445,0,1
11,0.015731334686279297,0,1
11,0.04003405570983887,2,1
11,0.05343198776245117,3,1
11,0.05291295051574707,3,1
11,0.010460853576660156,0,1
11,0.013769149780273438,0,1
11,0.012906074523925781,1,1
11,0.013216972351074219,1,1
11,0.02024984359741211,2,1
11,0.01944708824157715,2,1
11,0.030058860778808594,2,1
11,0.03707385063171387,2,1
11,0.01910877227783203,2,1
11,0.010221004486083984,0,1
11,0.026861906051635742,2,1
11,0.036373138427734375,3,0
11,0.018882036209106445,2,1
11,0.04123997688293457,6,1
11,0.021510839462280273,1,1
11,0.020589828491210938,2,1
11,0.011922836303710938,0,1
11,0.03191018104553223,2,1
11,0.007884740829467773,0,1
11,0.037380218505859375,2,0
11,0.02892780303955078,2,1
11,0.0675208568572998,4,1
11,0.02701425552368164,2,1
11,0.05501604080200195,5,1
11,0.049494028091430664,4,1
11,0.008806943893432617,0,1
11,0.01897883415222168,1,1
11,0.042562246322631836,2,1
11,0.02918100357055664,2,1
11,0.03946399688720703,2,0
11,0.02554488182067871,3,1
11,0.014087915420532227,3,1
11,0.03419017791748047,5,0
11,0.026496171951293945,3,2
11,0.012564897537231445,1,1
11,0.013502120971679688,0,0
11,0.033788204193115234,5,1
12,0.0355679988861084,2,1
12,0.05265092849731445,4,1
12,0.022275686264038086,2,1
12,0.09045696258544922,5,1
12,0.015160083770751953,1,1
12,0.04741811752319336,3,1
12,0.10457611083984375,4,1
12,0.025665760040283203,2,1
12,0.021520137786865234,1,1
12,0.0559849739074707,4,1
12,0.021214962005615234,0,1
12,0.03345799446105957,4,0
12,0.013681888580322266,0,1
12,0.04707503318786621,3,1
12,0.03600883483886719,2,1
12,0.040498971939086914,3,0
12,0.12652802467346191,7,1
12,0.07033896446228027,4,1
12,0.09128022193908691,5,0
12,0.023382186889648438,1,1
12,0.041159868240356445,3,1
12,0.024901866912841797,1,1
12,0.0538640022277832,4,1
12,0.036536216735839844,2,1
12,0.036580801010131836,2,1
12,0.015115022659301758,1,1
12,0.04496192932128906,3,1
12,0.021049022674560547,2,1
12,0.11914920806884766,5,1
12,0.010722875595092773,0,1
12,0.04516315460205078,3,1
12,0.04143118858337402,3,1
12,0.008820056915283203,0,1
12,0.0364527702331543,2,1
12,0.00882411003112793,0,1
12,0.08696389198303223,7,1
12,0.036270856857299805,2,1
12,0.039460182189941406,1,0
12,0.0242617130279541,1,1
12,0.022098779678344727,1,0
12,0.021575927734375,1,1
12,0.06207895278930664,3,1
12,0.047564029693603516,2,1
12,0.02256488800048828,2,1
12,0.06251311302185059,2,1
12,0.07692623138427734,4,1
12,0.03169608116149902,2,0
12,0.05341696739196777,4,0
12,0.05599188804626465,4,1
12,0.02165699005126953,2,1
13,0.06930303573608398,4,1
13,0.08965778350830078,3,0
13,0.053559064865112305,3,0
13,0.027815818786621094,1,1
13,0.059745073318481445,4,1
13,0.11676788330078125,6,1
13,0.03499102592468262,2,1
13,0.06587982177734375,3,1
13,0.03825807571411133,1,1
13,0.07282090187072754,3,1
13,0.05306506156921387,3,2
13,0.0192720890045166,1,1
13,0.06554508209228516,2,1
13,0.014667987823486328,0,1
13,0.03789997100830078,2,1
13,0.07648682594299316,4,0
13,0.014282941818237305,0,1
13,0.042852163314819336,4,1
13,0.0722808837890625,4,2
13,0.09000086784362793,5,1
13,0.055722951889038086,3,1
13,0.04974198341369629,2,0
13,0.04092979431152344,3,1
13,0.1211390495300293,4,0
13,0.015931129455566406,0,1
13,0.11564803123474121,6,1
13,0.07811617851257324,5,1
13,0.08375978469848633,4,1
13,0.055078744888305664,3,1
13,0.03733396530151367,2,1
13,0.06598591804504395,4,1
13,0.0888528823852539,4,1
13,0.04387497901916504,4,3
13,0.05476808547973633,2,1
13,0.019069194793701172,1,1
13,0.0410459041595459,2,1
13,0.07621598243713379,5,1
13,0.019069910049438477,1,1
13,0.03156590461730957,2,2
13,0.03513216972351074,1,1
13,0.06981611251831055,3,1
13,0.04958009719848633,1,1
13,0.10543489456176758,2,1
13,0.06883978843688965,3,1
13,0.025899887084960938,1,1
13,0.09586191177368164,6,1
13,0.04413199424743652,2,1
13,0.05530905723571777,3,1
13,0.03215384483337402,1,1
13,0.056874990463256836,3,1
14,0.28073978424072266,8,1
14,0.02986311912536621,2,1
14,0.08737802505493164,2,1
14,0.09937930107116699,6,1
14,0.1560661792755127,5,1
14,0.07657098770141602,3,1
14,0.04049992561340332,1,1
14,0.04295086860656738,2,1
14,0.055748939514160156,1,1
14,0.1310431957244873,6,1
14,0.11217999458312988,4,1
14,0.03891420364379883,1,1
14,0.10890007019042969,5,1
14,0.0383601188659668,3,1
14,0.029102802276611328,1,1
14,0.012982845306396484,0,1
14,0.08338260650634766,5,1
14,0.07194709777832031,3,1
14,0.07317709922790527,4,1
14,0.044428110122680664,1,1
14,0.08675217628479004,5,1
14,0.07735013961791992,3,1
14,0.022820711135864258,1,1
14,0.030404090881347656,2,1
14,0.04185318946838379,1,1
14,0.14513707160949707,5,1
14,0.12131094932556152,4,0
14,0.10928010940551758,5,1
14,0.12653613090515137,6,0
14,0.07198071479797363,4,1
14,0.05002117156982422,2,1
14,0.10506224632263184,4,2
14,0.15316104888916016,5,1
14,0.02289581298828125,0,1
14,0.02822709083557129,1,1
14,0.0332789421081543,1,1
14,0.0298919677734375,1,1
14,0.03195691108703613,1,1
14,0.04316210746765137,2,1
14,0.07651805877685547,3,1
14,0.032798051834106445,1,1
14,0.03314685821533203,1,1
14,0.07196593284606934,4,1
14,0.09485387802124023,4,1
14,0.039411067962646484,3,1
14,0.03986930847167969,1,1
14,0.06481194496154785,2,1
14,0.06968498229980469,2,1
14,0.24106812477111816,9,2
14,0.032405853271484375,1,1
15,0.08769726753234863,2,1
15,0.0682671070098877,2,1
15,0.08330702781677246,3,1
15,0.07374191284179688,4,1
15,0.05725502967834473,1,1
15,0.10783791542053223,4,1
15,0.17286205291748047,11,1
15,0.0872640609741211,2,1
15,0.03455829620361328,2,1
15,0.04863309860229492,2,1
15,0.0497441291809082,2,1
15,0.024396896362304688,0,1
15,0.0881810188293457,3,1
15,0.13724303245544434,4,1
15,0.120758056640625,5,1
15,0.06330680847167969,2,1
15,0.03676795959472656,1,1
15,0.09543776512145996,3,1
15,0.13276004791259766,5,1
15,0.08439493179321289,2,1
15,0.0645909309387207,2,1
15,0.08944892883300781,2,1
15,0.220473051071167,7,1
15,0.020724058151245117,0,1
15,0.027814865112304688,0,1
15,0.03342318534851074,1,1
15,0.13381195068359375,4,1
15,0.032594919204711914,1,1
15,0.08699703216552734,3,1
15,0.15526986122131348,6,1
15,0.16609597206115723,5,1
15,0.02414727210998535,0,1
15,0.0682222843170166,2,1
15,0.033318281173706055,1,1
15,0.02869105339050293,0,1
15,0.06650400161743164,2,1
15,0.08715081214904785,3,1
15,0.035053253173828125,2,1
15,0.04710698127746582,1,1
15,0.06879806518554688,2,1
15,0.05880427360534668,1,1
15,0.08589816093444824,3,1
15,0.11518025398254395,3,1
15,0.12243199348449707,5,1
15,0.11338591575622559,3,1
15,0.1128849983215332,2,0
15,0.13328886032104492,4,0
15,0.027472257614135742,1,1
15,0.06882786750793457,2,1
15,0.037548065185546875,1,1
16,0.14345598220825195,4,1
16,0.05351686477661133,1,1
16,0.15006613731384277,4,1
16,0.2107713222503662,6,1
16,0.05273699760437012,1,1
16,0.07195901870727539,2,1
16,0.11827301979064941,4,1
16,0.14126181602478027,5,1
16,0.042775869369506836,1,1
16,0.0901188850402832,3,1
16,0.0908060073852539,3,1
16,0.163801908493042,4,1
16,0.08321189880371094,2,1
16,0.050113677978515625,1,1
16,0.05376315116882324,1,1
16,0.17121005058288574,3,1
16,0.3059117794036865,9,1
16,0.09544491767883301,3,1
16,0.05231213569641113,1,1
16,0.08902573585510254,4,1
16,0.07126617431640625,3,1
16,0.02928900718688965,0,1
16,0.16228985786437988,4,1
16,0.027895212173461914,1,1
16,0.10827994346618652,5,1
16,0.07145237922668457,3,1
16,0.144942045211792,8,1
16,0.1914680004119873,5,1
16,0.0747518539428711,2,1
16,0.06127190589904785,2,1
16,0.07383084297180176,3,1
16,0.15817499160766602,5,1
16,0.1656801700592041,5,1
16,0.07268714904785156,1,1
16,0.1210939884185791,3,0
16,0.1432483196258545,5,1
16,0.11457276344299316,4,1
16,0.1540830135345459,4,1
16,0.16160798072814941,6,1
16,0.1341838836669922,7,1
16,0.052932024002075195,1,1
16,0.03526139259338379,1,1
16,0.09488821029663086,3,1
16,0.0906679630279541,4,1
16,0.10347127914428711,5,1
16,0.14639496803283691,3,1
16,0.11820197105407715,4,1
16,0.06955909729003906,3,1
16,0.18293404579162598,5,1
16,0.05855059623718262,1,1
17,0.1353611946105957,3,1
17,0.24665307998657227,7,1
17,0.1289808750152588,3,1
17,0.1804661750793457,5,1
17,0.26729488372802734,6,1
17,0.11601114273071289,2,1
17,0.1596519947052002,3,1
17,0.2979469299316406,7,1
17,0.038374900817871094,0,1
17,0.1612091064453125,3,1
17,0.11264300346374512,3,1
17,0.1385657787322998,2,1
17,0.12088489532470703,3,1
17,0.07775306701660156,1,1
17,0.17064881324768066,7,1
17,0.2044050693511963,6,1
17,0.15854215621948242,3,1
17,0.1987910270690918,6,1
17,0.0484311580657959,1,1
17,0.08159112930297852,1,1
17,0.12025880813598633,3,1
17,0.19847798347473145,4,1
17,0.05003690719604492,1,1
17,0.09878897666931152,1,1
17,0.19178485870361328,4,1
17,0.1819748878479004,4,1
17,0.06040215492248535,1,1
17,0.17106080055236816,5,1
17,0.06021380424499512,3,1
17,0.059278011322021484,1,1
17,0.188323974609375,4,1
17,0.11475300788879395,2,1
17,0.15282893180847168,3,1
17,0.1170358657836914,2,1
17,0.038294076919555664,0,1
17,0.1473097801208496,4,1
17,0.03195786476135254,0,1
17,0.09291887283325195,2,1
17,0.027430057525634766,0,1
17,0.34145569801330566,9,1
17,0.0834958553314209,3,1
17,0.1388869285583496,4,1
17,0.15101408958435059,3,1
17,0.12834715843200684,2,1
17,0.1687626838684082,6,1
17,0.24327802658081055,5,1
17,0.29096198081970215,5,0
17,0.15228891372680664,4,1
17,0.28710508346557617,9,1
17,0.09307503700256348,2,1
18,0.1669449806213379,3,1
18,0.049983978271484375,1,1
18,0.12877798080444336,3,1
18,0.24029183387756348,7,1
18,0.15822482109069824,3,1
18,0.5471742153167725,7,0
18,0.20643997192382812,4,1
18,0.15037178993225098,1,1
18,0.0805199146270752,2,2
18,0.127885103225708,3,1
18,0.12947463989257812,2,1
18,0.17374587059020996,3,1
18,0.12225508689880371,4,1
18,0.05247616767883301,0,1
18,0.16797709465026855,7,1
18,0.18437576293945312,3,1
18,0.26268792152404785,6,1
18,0.1885979175567627,4,1
18,0.2159569263458252,5,1
18,0.18932008743286133,4,1
18,0.12047290802001953,3,1
18,0.25736021995544434,6,1
18,0.03632402420043945,0,1
18,0.327131986618042,8,1
18,0.03481602668762207,0,1
18,0.18455719947814941,3,1
18,0.18886590003967285,4,2
18,0.32513999938964844,6,1
18,0.06546211242675781,3,2
18,0.11560487747192383,3,1
18,0.14401984214782715,4,1
18,0.18895483016967773,4,1
18,0.28141021728515625,5,1
18,0.375255823135376,9,1
18,0.3291928768157959,8,1
18,0.11327695846557617,3,1
18,0.11815500259399414,3,1
18,0.2247450351715088,5,1
18,0.18317484855651855,3,1
18,0.18972182273864746,4,1
18,0.1284191608428955,5,2
18,0.08955025672912598,2,1
18,0.09063005447387695,2,1
18,0.05507493019104004,1,1
18,0.1909959316253662,4,1
18,0.1481950283050537,4,2
18,0.2382819652557373,4,1
18,0.12509989738464355,5,1
18,0.09176802635192871,2,1
18,0.7345669269561768,13,1
19,0.08079814910888672,1,2
19,0.24051809310913086,5,1
19,0.1646409034729004,3,1
19,0.05807209014892578,0,1
19,0.19904208183288574,4,1
19,0.3325788974761963,5,1
19,0.15759778022766113,4,1
19,0.23878812789916992,4,1
19,0.19890499114990234,4,1
19,0.2856941223144531,6,1
19,0.1009211540222168,2,1
19,0.34028100967407227,6,1
19,0.05540823936462402,1,1
19,0.06052207946777344,1,1
19,0.29831600189208984,5,1
19,0.1641092300415039,4,1
19,0.48522281646728516,9,1
19,0.3300309181213379,10,1
19,0.0969688892364502,2,1
19,0.41548800468444824,6,1
19,0.2732069492340088,6,1
19,0.09389281272888184,2,1
19,0.1198122501373291,4,1
19,0.1994333267211914,4,1
19,0.3655412197113037,8,1
19,0.2925300598144531,5,1
19,0.1632556915283203,4,1
19,0.10396409034729004,2,1
19,0.2389359474182129,3,1
19,0.06742501258850098,1,1
19,0.07175970077514648,1,1
19,0.1941208839416504,4,1
19,0.18384003639221191,5,1
19,0.3398110866546631,6,1
19,0.18569087982177734,5,1
19,0.20110583305358887,4,1
19,0.24171805381774902,3,1
19,0.1520068645477295,4,1
19,0.09696102142333984,2,1
19,0.19968891143798828,4,1
19,0.23430919647216797,5,1
19,0.23064279556274414,5,1
19,0.23526525497436523,7,1
19,0.14917993545532227,2,1
19,0.12505292892456055,2,1
19,0.24696707725524902,5,1
19,0.048761844635009766,1,3
19,0.23232102394104004,4,1
19,0.29429197311401367,4,1
19,0.05263018608093262,1,1
20,0.3407571315765381,7,0
20,0.1474452018737793,3,1
20,0.10704708099365234,3,1
20,0.07763385772705078,1,1
20,0.16582918167114258,2,1
20,0.30024290084838867,8,1
20,0.2851428985595703,4,1
20,0.565161943435669,9,1
20,0.16051721572875977,2,1
20,0.246110200881958,5,1
20,0.5336761474609375,9,1
20,0.060862064361572266,1,2
20,0.3274717330932617,5,1
20,0.23452520370483398,4,1
20,0.4259161949157715,7,1
20,0.10811781883239746,2,1
20,0.26395487785339355,5,1
20,0.09847068786621094,1,1
20,0.22512006759643555,3,1
20,0.3301997184753418,5,1
20,0.17238903045654297,4,1
20,0.1404590606689453,2,1
20,0.16739606857299805,4,1
20,0.4942178726196289,11,1
20,0.16488194465637207,6,1
20,0.07970404624938965,1,1
20,0.31708693504333496,5,1
20,0.13872194290161133,2,1
20,0.07703399658203125,1,1
20,0.27606892585754395,4,1
20,0.34383296966552734,7,1
20,0.52777099609375,7,1
20,0.3742339611053467,6,1
20,0.21884417533874512,3,1
20,0.30861711502075195,6,1
20,0.16077613830566406,4,1
20,0.4171891212463379,9,1
20,0.31502580642700195,5,1
20,0.2478199005126953,4,1
20,0.3964841365814209,5,1
20,0.5239429473876953,9,1
20,0.1677260398864746,4,2
20,0.4962158203125,7,2
20,0.133836030960083,2,1
20,0.2676560878753662,7,2
20,0.2679281234741211,4,1
20,0.1356959342956543,3,1
20,0.26091694831848145,5,1
20,0.09715890884399414,1,1
20,0.07578921318054199,1,1
21,0.23157191276550293,3,1
21,0.28222107887268066,3,1
21,0.38558506965637207,7,1
21,0.189345121383667,4,1
21,0.24454784393310547,3,1
21,0.18972110748291016,4,1
21,0.4679427146911621,7,1
21,0.19084906578063965,2,1
21,0.0845799446105957,1,1
21,0.2322087287902832,5,1
21,0.41541099548339844,6,1
21,0.575782299041748,7,1
21,0.33518218994140625,6,1
21,0.24978995323181152,3,1
21,0.4207608699798584,6,1
21,0.28591299057006836,5,1
21,0.33927178382873535,6,1
21,0.4326798915863037,5,1
21,0.32469797134399414,6,1
21,0.12127304077148438,2,1
21,0.153594970703125,2,1
21,0.43461084365844727,5,1
21,0.5787689685821533,6,1
21,0.2742781639099121,5,1
21,0.20943093299865723,2,1
21,0.20117831230163574,3,1
21,0.6297461986541748,8,1
21,0.3233809471130371,6,1
21,0.2341759204864502,3,1
21,0.4163351058959961,8,1
21,0.5114009380340576,8,0
21,0.36369895935058594,5,1
21,0.532686710357666,6,1
21,0.3631470203399658,5,1
21,0.2693021297454834,6,1
21,0.22431492805480957,5,1
21,1.1009159088134766,12,1
21,0.15342068672180176,3,1
21,0.09821319580078125,2,1
21,0.15794110298156738,2,1
21,0.09739208221435547,2,1
21,0.3488311767578125,5,1
21,0.2511920928955078,4,1
21,0.19830918312072754,3,1
21,0.22284913063049316,2,1
21,0.248945951461792,4,1
21,0.43608689308166504,8,1
21,0.3640279769897461,5,1
21,0.20263981819152832,6,2
21,0.4629228115081787,7,1
22,0.21337080001831055,2,1
22,0.32706665992736816,5,1
22,0.9459741115570068,8,1
22,0.11040616035461426,2,1
22,0.43346714973449707,6,1
22,0.6332108974456787,6,1
22,0.14290785789489746,1,1
22,0.5783007144927979,8,1
22,0.5305509567260742,9,1
22,0.4260718822479248,7,1
22,0.4264411926269531,7,1
22,0.5957679748535156,9,1
22,0.3797891139984131,6,1
22,0.3930056095123291,3,1
22,0.333737850189209,3,1
22,0.7767007350921631,9,1
22,0.32274818420410156,5,1
22,0.3705770969390869,6,1
22,0.6164507865905762,7,1
22,0.3119511604309082,5,1
22,0.1430530548095703,1,1
22,0.46478724479675293,8,1
22,0.41875696182250977,7,1
22,0.4530627727508545,6,1
22,0.9779069423675537,11,1
22,0.33576011657714844,4,1
22,0.22267413139343262,3,1
22,0.2431471347808838,5,2
22,0.3106410503387451,5,1
22,0.18331193923950195,2,1
22,0.40115880966186523,5,1
22,0.8444349765777588,10,1
22,0.1739041805267334,2,1
22,0.46047019958496094,6,1
22,0.19373011589050293,2,1
22,0.4607248306274414,5,1
22,0.5788791179656982,6,1
22,0.4347691535949707,5,1
22,0.6065270900726318,7,1
22,0.31952905654907227,5,2
22,0.27236080169677734,3,1
22,0.22351884841918945,3,1
22,0.7683048248291016,11,1
22,0.5152418613433838,7,1
22,0.07787728309631348,1,1
22,0.2187209129333496,3,1
22,0.3771030902862549,6,1
22,0.3897690773010254,5,1
22,0.5161159038543701,9,1
22,0.4957890510559082,8,2
23,0.23958110809326172,2,1
23,0.8467280864715576,11,1
23,0.1825399398803711,2,1
23,0.36213111877441406,7,1
23,0.9192519187927246,9,1
23,0.25641512870788574,2,1
23,0.5005953311920166,6,1
23,0.228041410446167,2,1
23,0.22610092163085938,2,2
23,0.4315011501312256,5,1
23,0.55830979347229,7,1
23,0.6519522666931152,8,1
23,0.28151607513427734,5,1
23,0.7976109981536865,10,3
23,0.4506950378417969,4,1
23,0.5665159225463867,7,1
23,0.4606459140777588,7,1
23,0.29037904739379883,5,1
23,0.7096462249755859,9,1
23,0.2646341323852539,3,1
23,0.8372948169708252,7,1
23,0.5462651252746582,4,1
23,0.6381690502166748,5,1
23,1.200639009475708,9,3
23,0.22061896324157715,2,2
23,0.4688870906829834,5,1
23,0.19205212593078613,3,1
23,0.46120595932006836,4,1
23,0.416881799697876,5,1
23,0.30616021156311035,4,2
23,0.5044331550598145,6,4
23,0.7487680912017822,9,2
23,0.5145642757415771,8,1
23,0.8251080513000488,8,1
23,0.28453516960144043,3,1
23,0.5670490264892578,6,1
23,0.23033499717712402,3,1
23,1.1586711406707764,13,1
23,0.7112619876861572,9,1
23,1.0997579097747803,10,2
23,1.1234869956970215,8,1
23,2.434032917022705,11,1
23,0.3369760513305664,2,1
23,0.9341750144958496,10,1
23,0.3687269687652588,3,1
23,0.35806703567504883,3,1
23,0.5186131000518799,4,2
23,0.6254391670227051,5,1
23,1.518632173538208,11,1
23,1.0819756984710693,8,1
24,0.5087881088256836,4,1
24,0.5993950366973877,3,1
24,0.20221590995788574,3,1
24,0.5056099891662598,7,1
24,0.551001787185669,5,1
24,0.6079282760620117,5,1
24,0.5975382328033447,7,1
24,0.7300331592559814,6,1
24,0.06986379623413086,0,1
24,0.30372190475463867,4,1
24,0.2404460906982422,4,1
24,0.5265679359436035,6,1
24,0.3036777973175049,3,1
24,0.5810496807098389,7,1
24,0.4138500690460205,6,1
24,0.7129921913146973,7,1
24,0.21941709518432617,5,1
24,0.31731677055358887,3,1
24,0.4447011947631836,5,1
24,0.3085150718688965,3,1
24,0.28373003005981445,5,1
24,0.6586380004882812,8,2
24,0.7912828922271729,10,1
24,0.3021049499511719,3,1
24,0.4199690818786621,4,1
24,0.5458900928497314,6,2
24,0.6633179187774658,8,1
24,0.4294271469116211,6,1
24,0.2507469654083252,4,1
24,0.7344980239868164,9,1
24,0.7135641574859619,9,1
24,0.33049988746643066,6,1
24,0.43297791481018066,8,1
24,0.25469517707824707,3,1
24,0.6166031360626221,6,1
24,0.2055518627166748,3,1
24,0.36974310874938965,4,1
24,0.13754534721374512,1,1
24,0.36313414573669434,3,1
24,0.8770952224731445,11,2
24,0.37183117866516113,7,1
24,0.43724894523620605,5,1
24,0.41271495819091797,3,1
24,0.2577657699584961,5,1
24,1.6373307704925537,11,1
24,0.6601159572601318,4,1
24,0.3364908695220947,6,1
24,0.2916450500488281,3,1
24,0.5054810047149658,5,1
24,0.33823585510253906,3,1
25,0.9814848899841309,9,2
25,0.5593438148498535,6,1
25,0.394665002822876,3,1
25,0.3953230381011963,3,1
25,1.303816795349121,13,1
25,0.8538477420806885,10,1
25,0.6375181674957275,9,2
25,1.1276230812072754,11,1
25,1.0340301990509033,10,1
25,0.2845432758331299,3,1
25,0.5352418422698975,7,1
25,0.22283005714416504,4,1
25,0.4191880226135254,5,1
25,1.4040567874908447,11,1
25,0.8147659301757812,6,1
25,0.5079238414764404,4,1
25,0.5878808498382568,8,2
25,0.7944498062133789,6,1
25,0.7012228965759277,5,1
25,0.21399188041687012,2,1
25,0.5767190456390381,5,1
25,0.6412131786346436,9,1
25,1.3959391117095947,13,1
25,1.1227920055389404,11,1
25,0.5107970237731934,7,1
25,0.5093288421630859,7,1
25,0.31158924102783203,4,1
25,0.4766199588775635,4,1
25,1.578294038772583,13,1
25,0.20863699913024902,1,1
25,0.5192110538482666,5,1
25,1.2438287734985352,10,1
25,0.45355796813964844,4,1
25,0.2806861400604248,3,1
25,0.4945948123931885,4,1
25,0.2949090003967285,6,1
25,0.716048002243042,5,1
25,0.7580549716949463,6,1
25,1.1731269359588623,9,1
25,1.0213696956634521,9,1
25,0.9179520606994629,6,2
25,1.1199119091033936,5,1
25,0.2414541244506836,3,1
25,0.7179248332977295,8,1
25,0.38552308082580566,5,1
25,0.410891056060791,4,1
25,0.7913899421691895,7,1
25,0.22697997093200684,2,1
25,0.44797396659851074,6,1
25,1.3140759468078613,16,1
